1 3 9.4423499975 7.8317234663 1.8423117204
1 3 9.456023415 7.8443366083 1.8393607437
1 3 9.464785605 7.8518723738 1.8351253491
1 3 9.4677163375 7.8555537806 1.8327263537
1 3 9.4698968825 7.8590128205 1.8296692268
1 3 9.4713372425 7.8616071005 1.8260919637
1 3 9.47216745 7.8629907164 1.8216867287
1 3 9.47180736 7.8509087841 1.8241600293
 
2 1 1.0669366675 0.1823136405 4.5728355739
2 1 1.0582645 0.1829869179 4.5837690487
2 1 1.05274312 0.1919359483 4.5826544711
2 1 1.051162725 0.1966624793 4.5743429073
2 1 1.0507926325 0.1901743087 4.5655218224
2 1 1.051402785 0.1750867178 4.5557241552
2 1 1.0519729275 0.1573443137 4.5421581546
2 1 1.0557938825 0.1236643833 4.5447482204
 
3 1 3.502215335 1.7139789878 3.6785728771
3 1 3.4956236875 1.7134107169 3.6811417129
3 1 3.4944734 1.7147572718 3.6780633559
3 1 3.4987444675 1.7152267129 3.6731273697
3 1 3.5124779 1.7099269696 3.6665248248
3 1 3.529062045 1.7010446492 3.6578523502
3 1 3.541785225 1.692804722 3.6472904013
3 1 3.5585394125 1.6704939145 3.6530755894
 
4 1 1.601620305 4.7207494382 7.2942623519
4 1 1.60144026 4.7251473604 7.2775543042
4 1 1.6014902725 4.7283963872 7.267300191
4 1 1.6014302575 4.7304965186 7.2607931813
4 1 1.6010501625 4.7330043225 7.2545197021
4 1 1.6005700425 4.7363645327 7.2501144671
4 1 1.59943976 4.7412071886 7.2463461336
4 1 1.5991096775 4.7409724681 7.2584154159
 
5 1 3.5856661925 1.648269583 8.9136267232
5 1 3.58777672 1.6521362955 8.9122361551
5 1 3.5893871225 1.6572260257 8.909975155
5 1 3.5915876725 1.6588567159 8.9092745634
5 1 3.594878495 1.6597461833 8.90998577
5 1 3.5995896725 1.6607591879 8.9116204837
5 1 3.6061713175 1.6627728433 8.9134038077
5 1 3.6084118775 1.6575842834 8.9335405083
 
6 1 3.55632886 3.1982159563 6.3564992867
6 1 3.55476847 3.1989942403 6.357507714
6 1 3.552027785 3.2011932014 6.3559154604
6 1 3.5507774725 3.2019961928 6.3550981035
6 1 3.551347615 3.2019467779 6.3545248922
6 1 3.55504854 3.2014032145 6.3535058499
6 1 3.562630435 3.2000937208 6.3515208404
6 1 3.5782643425 3.1885429983 6.3722413673
 
7 1 3.519339615 0.099366975 1.1361684788
7 1 3.529022035 0.0887862661 1.1330370467
7 1 3.541025035 0.0867901529 1.1278038399
7 1 3.543265595 0.0868273376 1.1268272577
7 1 3.5396847 0.0866720514 1.1264875769
7 1 3.532662945 0.0868708227 1.1265724971
7 1 3.52452091 0.0876587426 1.1274323141
7 1 3.5177292125 0.0775101665 1.1446074229
 
8 1 1.0236458475 4.6209684903 2.1056704658
8 1 0.9192907653 4.2274656382 2.405173368
8 1 0.824550086 3.8720492864 2.7926005139
8 1 0.785720381 3.6745751682 3.1134502293
8 1 0.8141414845 3.516101725 3.456506575
8 1 0.8847781393 3.3916009953 3.8086493812
8 1 0.971302765 3.2949702444 4.1607709573
8 1 1.04474112 3.216585929 4.4502426618
 
9 1 3.5470565425 3.2205267638 1.1312961828
9 1 3.542665445 3.2312621413 1.1277083047
9 1 3.521060045 3.2454812661 1.1321666148
9 1 3.50959718 3.2496074066 1.1320498495
9 1 3.50535612 3.2508304242 1.1299480748
9 1 3.50335562 3.2511145597 1.1299162297
9 1 3.5019652725 3.2504227517 1.1324532204
9 1 3.5125879275 3.2363024566 1.1523882355
 
10 1 1.5839058775 3.1734467597 9.8330257969
10 1 1.58495614 3.1837991721 9.8318156842
10 1 1.5810651675 3.194818685 9.8337370036
10 1 1.584015905 3.2006372843 9.8226761485
10 1 1.589617305 3.2052205122 9.8081547957
10 1 1.5946285575 3.2095566658 9.8001829127
10 1 1.5988696175 3.2152640816 9.798537584
10 1 1.60196039 3.2182042656 9.8225593833
 
11 1 1.5951987 0.0494260979 9.8222303175
11 1 1.6011701925 0.0411129131 9.8166255849
11 1 1.60500115 0.0401888553 9.8157763829
11 1 1.60424096 0.0448621418 9.8223152377
11 1 1.601380245 0.0538411917 9.8284507216
11 1 1.5968291075 0.0678818054 9.8325693509
11 1 1.5908276075 0.0879229885 9.8360192337
11 1 1.577934385 0.105174456 9.8646267234
 
12 1 3.5740432875 0.1243426022 6.3957218004
12 1 3.57617382 0.1267318104 6.398640932
12 1 3.57753416 0.1296794066 6.3979509554
12 1 3.57789425 0.1312223855 6.3966028474
12 1 3.57781423 0.1314546353 6.395095514
12 1 3.577634185 0.1303007984 6.3929937392
12 1 3.5778842475 0.1276731634 6.3895226264
12 1 3.5765839225 0.1146665557 6.3975051244
 
13 2 3.5666214325 4.7710167005 3.7199290106
13 2 3.57637387 4.7775147541 3.7322318234
13 2 3.58109505 4.7822215191 3.7353314104
13 2 3.580234835 4.7808131957 3.7381443917
13 2 3.5818452375 4.7799731432 3.7412545938
13 2 3.580895 4.7780953786 3.7419870304
13 2 3.574513405 4.7713131896 3.7437809695
13 2 3.569672195 4.7409724681 3.7750316001
 
14 2 4.1430455025 4.7423684377 9.0312730342
14 2 4.14719654 4.742529036 9.0256576865
14 2 4.148616895 4.7419484115 9.0224837944
14 2 4.1507874375 4.742788464 9.0182059397
14 2 4.1530480025 4.7442462023 9.0131744183
14 2 4.154058255 4.7452592068 9.0088647186
14 2 4.1533280725 4.7454321588 9.0053086855
14 2 4.1509074675 4.7409724681 9.0144269911
 
15 2 1.0750386925 1.6501844087 7.1999054036
15 2 1.07674912 1.6504685441 7.200945676
15 2 1.0774192875 1.6522845401 7.1969119668
15 2 1.07718923 1.6530381166 7.1885367129
15 2 1.0754988075 1.6542240732 7.1747902568
15 2 1.071607835 1.6560524228 7.1551206173
15 2 1.0652962575 1.6580784319 7.1283707569
15 2 1.05950481 1.6472565785 7.1350157619
 
16 2 1.0269866825 1.5974587573 1.8534893406
16 2 1.01977488 1.5511076224 1.8396898094
16 2 1.012072955 1.5330094314 1.8172071886
16 2 1.0109626775 1.5356407725 1.7986521267
16 2 1.0140234425 1.5416199701 1.7871454406
16 2 1.0175043125 1.5507740721 1.7879627975
16 2 1.020475055 1.5631648473 1.8000957699
16 2 1.0315278175 1.5695764248 1.8420781898
 
17 3 1.541565295 1.5808677194 8.6847455757
17 3 1.5426955775 1.5840426239 8.6860299936
17 3 1.54370583 1.5881687644 8.6815292235
17 3 1.5473167325 1.5900465289 8.6710521948
17 3 1.5540584175 1.5972487442 8.6533994099
17 3 1.5640009025 1.6140497952 8.6278490471
17 3 1.5777643425 1.6429698397 8.5923417918
17 3 1.5797648425 1.6528404572 8.5931909937
 
18 3 4.10130507 3.4970275906 4.4449033047
18 3 4.1066964175 3.4969905294 4.4497437556
18 3 4.1055761375 3.4957675117 4.4498711359
18 3 4.1055761375 3.4922096421 4.4506991078
18 3 4.1054361025 3.4883058685 4.4514421595
18 3 4.1031555325 3.4838091166 4.4512617041
18 3 4.10294548 3.4766316087 4.4518561454
18 3 4.1161787875 3.4476003808 4.4744449165
 
19 3 3.6140532875 3.4662668427 9.7438277503
19 3 3.6161038 3.4677122272 9.7406432431
19 3 3.615883745 3.4687252318 9.7390722195
19 3 3.6200347825 3.4694417472 9.7341150033
19 3 3.6254361325 3.470788302 9.728658881
19 3 3.629927255 3.4721595643 9.7252514583
19 3 3.634008275 3.473296106 9.7248587024
19 3 3.6387994725 3.470010018 9.7409192337
 
20 3 4.1066564075 6.0557288342 4.4394577974
20 3 4.1196996675 6.0620909969 4.445476516
20 3 4.127331575 6.065154718 4.4484168776
20 3 4.1278016925 6.0647470454 4.4489157838
20 3 4.1291620325 6.0650064734 4.4495208401
20 3 4.1277216725 6.0637216872 4.4498392908
20 3 4.12167016 6.0589037387 4.4504549622
20 3 4.1161787875 6.0343445553 4.4744449165
 
21 3 4.09246286 4.750608365 2.2324775425
21 3 4.0878317025 4.7544009552 2.2422539796
21 3 4.094363335 4.7589965368 2.2480497827
21 3 4.094043255 4.7593177334 2.2520941069
21 3 4.0928729625 4.7597501133 2.2554378394
21 3 4.0926128975 4.7603801528 2.2574016189
21 3 4.08874193 4.7595771614 2.2602252152
21 3 4.0764088475 4.7409724681 2.2885885594
 
22 3 1.4984045075 0.3198067712 1.0700899544
22 3 1.494673575 0.2735569367 1.075195781
22 3 1.5007851025 0.248025516 1.0874455187
22 3 1.501355245 0.231247937 1.1069347027
22 3 1.4960639225 0.2175513743 1.1233136848
22 3 1.490072425 0.2135055329 1.1350114412
22 3 1.4870016575 0.2177020896 1.1481422259
22 3 1.4896223125 0.2185297884 1.1872055142
 
23 3 4.508546855 1.6529516406 7.1427859595
23 3 4.5112175225 1.6579796022 7.1408434101
23 3 4.5150984925 1.6638723238 7.1343682454
23 3 4.517669135 1.666800154 7.1296233297
23 3 4.517749155 1.6676031454 7.1265662028
23 3 4.5154585825 1.6667878003 7.1251437896
23 3 4.5112775375 1.6649470969 7.1247085736
23 3 4.5033555575 1.6494308321 7.1446223586
 
24 3 3.6245759175 6.0148133335 9.760939169
24 3 3.63274796 6.0135038398 9.7557696523
24 3 3.6367389575 6.0123920055 9.7527443704
24 3 3.63898952 6.0123055295 9.7497403186
24 3 3.6408599875 6.0130096912 9.7456110743
24 3 3.641730205 6.0140474032 9.7407812384
24 3 3.6411200525 6.0150357003 9.7350703555
24 3 3.6387994725 6.0119349181 9.7409192337
 
25 3 1.587216705 0.3754516051 6.4405915068
25 3 1.59019745 0.3756591475 6.4429055821
25 3 1.5915477875 0.3772391876 6.4392964739
25 3 1.5907275825 0.3778556379 6.4307513796
25 3 1.5885070275 0.3777493959 6.4198497499
25 3 1.5851962 0.3769723473 6.4078547728
25 3 1.580975145 0.3754590174 6.3938960163
25 3 1.5743034775 0.3659194794 6.4013371481
 
26 3 3.6534431325 4.7607384105 7.5511459327
26 3 3.6548834925 4.7602566156 7.5457853456
26 3 3.65443338 4.7596389299 7.5423779229
26 3 3.6536431825 4.7603183842 7.538418519
26 3 3.65119257 4.7603307379 7.5340875892
26 3 3.64607129 4.7580205934 7.5306058613
26 3 3.6370390325 4.7522390552 7.5281962508
26 3 3.6255161525 4.7409724681 7.5398727772
 
27 3 2.0329081 4.8266084135 3.6993889391
27 3 2.042170415 4.8328099779 3.7414562792
27 3 2.0484019725 4.8387891755 3.7585676979
27 3 2.04819192 4.8315251917 3.775392511
27 3 2.04943223 4.8251877364 3.7931832912
27 3 2.047571765 4.8161942326 3.8026200475
27 3 2.040810075 4.7940563771 3.8159737477
27 3 2.037769315 4.7409724681 3.8785068541
 
28 3 1.590737585 1.5170237255 3.2748410542
28 3 1.5672217075 1.5170237255 3.2704464343
28 3 1.5321329375 1.5605211525 3.2661155045
28 3 1.5100074075 1.6032650029 3.2630053025
28 3 1.50897715 1.617817678 3.261020293
28 3 1.5187896025 1.6159152061 3.2643746406
28 3 1.52498115 1.6206219711 3.2759768618
28 3 1.5339733975 1.61972015 3.3178637465
 
29 3 0.697846418 4.7418989966 9.0396058281
29 3 0.7009812015 4.7403424287 9.0240548179
29 3 0.701755395 4.742183132 9.0108709581
29 3 0.701915435 4.7441226651 9.0022303286
29 3 0.7023965552 4.7456915868 8.9939612249
29 3 0.702903682 4.7461857354 8.9861697972
29 3 0.703023712 4.7458398314 8.9779006936
29 3 0.7000119592 4.7409724681 8.9832082056
 
30 3 1.6384795175 2.9275213752 6.5588747193
30 3 1.6375992975 2.9257053792 6.5533761368
30 3 1.63456854 2.9258289163 6.5420180612
30 3 1.6296073 2.9261748203 6.5263927458
30 3 1.6193147275 2.9264095409 6.496819289
30 3 1.6016103025 2.9256189032 6.447724803
30 3 1.575053665 2.9217151296 6.3755638698
30 3 1.5714027525 2.9071377471 6.3693116207
 
31 3 1.5487971025 2.8860870184 1.1275490793
31 3 1.555048665 2.8354738521 1.1165306844
31 3 1.549127185 2.8125947738 1.1045675524
31 3 1.563970895 2.7848853933 1.067690959
31 3 1.5892472125 2.7511597541 1.0243965221
31 3 1.6075917975 2.7298495974 0.9975957095
31 3 1.6182344575 2.7200531022 0.9849054483
31 3 1.63572883 2.7108742927 1.0083466058
 
32 3 4.456573865 1.6526057366 1.8389467578
32 3 4.44827179 1.6562871434 1.8410273025
32 3 4.445491095 1.6645641318 1.8418871194
32 3 4.4461212525 1.6662442369 1.8436916735
32 3 4.4468014225 1.6648112061 1.8433626077
32 3 4.44763163 1.6620439741 1.840379786
32 3 4.44947209 1.6588690696 1.8360700863
32 3 4.45999472 1.6409438306 1.8472052464
 
33 1 1.04554132 9.3611873818 4.5558727656
33 1 1.050922665 9.3726145672 4.5532508547
33 1 1.0546535975 9.3800515031 4.5497585118
33 1 1.0562539975 9.3829793333 4.5484847089
33 1 1.05722424 9.383942923 4.5470198356
33 1 1.0572942575 9.382732259 4.5449392909
33 1 1.0565140625 9.3794832322 4.5419564691
33 1 1.0557938825 9.358284259 4.5447482204
 
34 1 1.03953982 6.2159688585 4.5514144555
34 1 1.041000185 6.2538700531 4.5269680552
34 1 1.04218048 6.2753531617 4.503413317
34 1 1.043280755 6.283938993 4.4905585229
34 1 1.0425905825 6.2912276842 4.477756804
34 1 1.0416303425 6.2944520036 4.4637874324
34 1 1.0413302675 6.2906099985 4.4493934598
34 1 1.04474112 6.2653590071 4.4502426618
 
35 1 3.5361938275 7.8200368529 3.6519079368
35 1 3.54712656 7.8287215138 3.6473328614
35 1 3.553348115 7.8327611783 3.6442438894
35 1 3.5551385625 7.8338483051 3.6432885373
35 1 3.5566389375 7.8355037028 3.6425985607
35 1 3.5574591425 7.8363314016 3.6419085842
35 1 3.5575991775 7.8345154057 3.6410912273
35 1 3.5585394125 7.8114510216 3.6530755894
 
36 1 1.600379995 10.9221656217 7.3112463903
36 1 1.603100675 10.9221038531 7.3082104935
36 1 1.603740835 10.9229933205 7.3062042539
36 1 1.60364081 10.924957561 7.3055885825
36 1 1.6035307825 10.9265635439 7.3048030708
36 1 1.6032107025 10.9271071073 7.3034231176
36 1 1.6024305075 10.9263164696 7.3009710471
36 1 1.60007992 10.9178294681 7.3129235641
 
37 1 3.6161538125 7.8163677998 8.9136691833
37 1 3.6150335325 7.817739062 8.9211103152
37 1 3.613803225 7.8178749529 8.9238489913
37 1 3.6132330825 7.8184926386 8.9240400618
37 1 3.6127929725 7.8199503769 8.9238065312
37 1 3.6122328325 7.8219516785 8.9233076251
37 1 3.61118257 7.8245459585 8.9226176486
37 1 3.6084118775 7.8243606528 8.9335405083
 
38 1 3.5798447375 9.3658570857 6.382272565
38 1 3.5800047775 9.3667218457 6.3863062741
38 1 3.5786844475 9.3677348502 6.3872510112
38 1 3.577714205 9.3692420033 6.3881214432
38 1 3.57721408 9.3706873878 6.3887477296
38 1 3.577074045 9.3716880387 6.3888008047
38 1 3.577074045 9.3721698335 6.3880683681
38 1 3.5765839225 9.3672777628 6.3975051244
 
39 1 3.532943015 6.261517002 1.1391088405
39 1 3.5148084825 6.2659890465 1.1422190425
39 1 3.5068765 6.2655813739 1.1435989956
39 1 3.505736215 6.2638889151 1.1436202257
39 1 3.5075666725 6.263765378 1.1423145777
39 1 3.5103673725 6.2642718803 1.1404251034
39 1 3.51279798 6.264024806 1.1388116198
39 1 3.5125879275 6.2456424796 1.1523882355
 
40 1 1.046321515 10.9281695267 2.0277349596
40 1 1.0315278175 10.9306279158 2.0480839606
40 1 1.0202249925 10.9318138723 2.0588051348
40 1 1.01393342 10.9281077581 2.0630299144
40 1 1.0090421975 10.9249452073 2.0655350601
40 1 1.0060814575 10.9247104868 2.0655456751
40 1 1.0045610775 10.9269959239 2.0638048112
40 1 1.0059014125 10.9178294681 2.0739421591
 
41 1 3.53460343 9.400484546 1.1307548166
41 1 3.527541665 9.407353211 1.1379093428
41 1 3.5239307625 9.4095027572 1.138907155
41 1 3.522660445 9.4106516526 1.1384188639
41 1 3.5215901775 9.4129000286 1.1374316667
41 1 3.5203498675 9.4152719417 1.1361154037
41 1 3.5188694975 9.4170879376 1.1345231501
41 1 3.5177292125 9.4044377345 1.1446074229
 
42 1 1.58979735 9.3599643641 9.8461459666
42 1 1.58419595 9.3645352383 9.8554659577
42 1 1.58195539 9.3646093606 9.8584275494
42 1 1.58147527 9.3652517537 9.8588415353
42 1 1.5810651675 9.3672283479 9.8582895541
42 1 1.58051503 9.3702550079 9.8570582113
42 1 1.5795447875 9.3746405763 9.8552855023
42 1 1.577934385 9.3767654151 9.8646267234
 
43 1 1.5975492875 6.267953287 9.8488209527
43 1 1.6026105525 6.2661249374 9.8407853795
43 1 1.605221205 6.2644448323 9.8351488017
43 1 1.605941385 6.2632218146 9.8324950457
43 1 1.6062714675 6.26307357 9.8293848437
43 1 1.605941385 6.2636541946 9.8260941863
43 1 1.6047310825 6.2649142734 9.8220392471
43 1 1.60196039 6.2637406706 9.8225593833
 
44 1 3.5932480875 6.282814805 6.3598854794
44 1 3.5945884225 6.2890410768 6.3635688927
44 1 3.5936681925 6.2915365271 6.3635688927
44 1 3.591997775 6.2935501824 6.3620509443
44 1 3.5904073775 6.2960703401 6.3604586907
44 1 3.58853691 6.2978863361 6.3587284417
44 1 3.58577622 6.2984793143 6.357093728
44 1 3.5782643425 6.2934019379 6.3722413673
 
45 2 3.5240307875 10.9219185474 3.7533344911
45 2 3.526141315 10.9302202432 3.759915806
45 2 3.5256111825 10.9377930699 3.7593850548
45 2 3.52520108 10.9411903412 3.7580475617
45 2 3.5256912025 10.9420798086 3.7570497495
45 2 3.52704154 10.9407456075 3.7559776321
45 2 3.5290720475 10.9378548385 3.7542261531
45 2 3.5350135325 10.9178294681 3.7625377169
 
46 2 4.14231532 10.9070693832 9.0323982268
46 2 4.1429054675 10.9078600209 9.0340010954
46 2 4.1430455025 10.9095648334 9.0327485226
46 2 4.1422252975 10.9113808294 9.0326742174
46 2 4.1406649075 10.9135056682 9.0326317573
46 2 4.13827431 10.915889935 9.0323451516
46 2 4.1346033925 10.9189042412 9.0318356305
46 2 4.1270014925 10.9178294681 9.0463251383
 
47 2 1.0640759525 7.8218775562 7.1532417581
47 2 1.0658764025 7.8284867932 7.1468090536
47 2 1.06634652 7.8319458331 7.1408752551
47 2 1.0660564475 7.8338606588 7.1382108841
47 2 1.0654963075 7.8354789954 7.1352386774
47 2 1.0646160875 7.8364055239 7.1319374049
47 2 1.0632557475 7.8368996725 7.1283813719
47 2 1.05950481 7.8346883577 7.1350157619
 
48 2 0.9996438485 7.8284250247 1.8814068538
48 2 1.0157238675 7.8790505446 1.8662698295
48 2 1.0249261675 7.9072293663 1.8550709792
48 2 1.0277668775 7.9149504375 1.85101604
48 2 1.029757375 7.9198795694 1.8472795516
48 2 1.0310476975 7.9232274259 1.8433519927
48 2 1.0317678775 7.925339911 1.8389149127
48 2 1.0315278175 7.9123685113 1.8420781898
 
49 3 1.5751236825 7.8191473854 8.6164697414
49 3 1.57891463 7.8236317836 8.6082430978
49 3 1.5821454375 7.8251883516 8.6006108955
49 3 1.5830856725 7.8260160504 8.5973096231
49 3 1.5834657675 7.8268066881 8.5939128154
49 3 1.5832657175 7.8273378978 8.5903673974
49 3 1.5823955 7.8283756098 8.5867158291
49 3 1.5797648425 7.8291044789 8.5931909937
 
50 3 4.05857439 9.6341921075 4.4558898545
50 3 4.059754685 9.6431609038 4.464042193
50 3 4.0566139 9.6517714425 4.4664411884
50 3 4.0543033225 9.6561075961 4.467576996
50 3 4.0540832675 9.6580347755 4.4683518927
50 3 4.0555836425 9.6577012252 4.4683731228
50 3 4.05801425 9.6556999235 4.4674390006
50 3 4.063795695 9.6354892474 4.4747527522
 
51 3 3.61906454 9.6326355395 9.7537315677
51 3 3.617244085 9.636415776 9.7578289669
51 3 3.6163138525 9.6396400953 9.7575742064
51 3 3.615843735 9.6412337244 9.7568311547
51 3 3.6151735675 9.642679109 9.7558758025
51 3 3.614163315 9.6442109695 9.7547187649
51 3 3.6124528875 9.6462740398 9.7535298822
51 3 3.6095721675 9.6426420478 9.7666500519
 
52 3 4.0596846675 12.1964265134 4.46936032
52 3 4.0613250775 12.2074954411 4.4721096112
52 3 4.0598247025 12.2178354997 4.4685535782
52 3 4.05825431 12.2230858282 4.4656556766
52 3 4.05789422 12.2250006538 4.4642332634
52 3 4.058554385 12.2238764659 4.4638192775
52 3 4.05953463 12.2209609894 4.463182376
52 3 4.063795695 12.2001696887 4.4747527522
 
53 3 4.0204548625 10.9240804474 2.2638024783
53 3 4.0267564375 10.9276630244 2.2722732675
53 3 4.0298172025 10.9307267455 2.2736213755
53 3 4.0317176775 10.9317026889 2.2736850657
53 3 4.03336809 10.9325921563 2.2736956807
53 3 4.0348984725 10.9331110123 2.2732392347
53 3 4.0368589625 10.9327156934 2.2719123567
53 3 4.0427804425 10.9178294681 2.2804892961
 
54 3 1.5278118575 6.5600939157 1.1413273805
54 3 1.5826455625 6.6750452245 1.078305983
54 3 1.6132132025 6.7416440967 1.0391269909
54 3 1.62216544 6.7603846808 1.0271203373
54 3 1.6277968475 6.7705023726 1.0197290961
54 3 1.6317778425 6.7767780593 1.0139301084
54 3 1.6348086 6.7812624574 1.0078997133
54 3 1.63572883 6.7710582897 1.0083466058
 
55 3 4.5057361525 7.8284744395 7.1309608227
55 3 4.50780667 7.8309822435 7.1364381751
55 3 4.507506595 7.8328723617 7.1370113864
55 3 4.5069364525 7.8343795148 7.1361515695
55 3 4.506586365 7.8358125456 7.1353129826
55 3 4.5061962675 7.8366896593 7.1344956257
55 3 4.505466085 7.8368873188 7.133752574
55 3 4.5033555575 7.832514104 7.1446223586
 
56 3 3.632908 12.1802060869 9.7586993989
56 3 3.63694901 12.1843692885 9.7578183519
56 3 3.638409375 12.1879271581 9.7551752109
56 3 3.6373991225 12.1897308004 9.7554193565
56 3 3.63502853 12.1915097352 9.7555891969
56 3 3.6308574875 12.1935975128 9.7548143001
56 3 3.624045785 12.1965747579 9.7527868305
56 3 3.6095721675 12.1930168883 9.7666500519
 
57 3 1.586456515 6.5576849415 6.4035981482
57 3 1.587376745 6.5676543887 6.390265678
57 3 1.5859964 6.5735100491 6.3788226822
57 3 1.58431598 6.5764872942 6.3734727101
57 3 1.5823454875 6.5787727313 6.3682182732
57 3 1.5800849225 6.5797733821 6.3633884373
57 3 1.57735424 6.5795757227 6.3596201038
57 3 1.5714027525 6.5748071891 6.3693116207
 
58 3 3.6286969475 10.9093548203 7.5566975903
58 3 3.6294571375 10.9109608031 7.5583853791
58 3 3.6298972475 10.9136044979 7.5570478861
58 3 3.6294571375 10.9164458521 7.5567188203
58 3 3.6283368575 10.919040132 7.5563579095
58 3 3.6265564125 10.921202032 7.5556467029
58 3 3.6239957725 10.9230303817 7.5545321254
58 3 3.619404625 10.9178294681 7.5678539805
 
59 3 1.967711805 10.9111337551 3.7837465348
59 3 1.97045249 10.926514129 3.7941174133
59 3 1.969832335 10.9427839703 3.7945101692
59 3 1.96921218 10.9506656399 3.7928436104
59 3 1.9696923 10.9522716227 3.791771493
59 3 1.97113266 10.9486149234 3.7905719953
59 3 1.973233185 10.9418945029 3.7884489905
59 3 1.9790446375 10.9178294681 3.7962616481
 
60 3 1.49817445 7.8337988903 3.3529039407
60 3 1.5135482925 7.8599022879 3.3411318791
60 3 1.5237308375 7.875146771 3.3309839162
60 3 1.527201705 7.8795323395 3.3272261977
60 3 1.529642315 7.8821389731 3.3236595496
60 3 1.531402755 7.8835596502 3.3197638358
60 3 1.532723085 7.8829543183 3.3151675304
60 3 1.5339733975 7.8622247862 3.3178637465
 
61 3 0.6865736005 10.8808548021 9.0243201935
61 3 0.6853012825 10.8846103311 9.0145437564
61 3 0.6850142107 10.8881064322 9.0107329628
61 3 0.6855763513 10.891441935 9.0103083618
61 3 0.6864135605 10.8959263331 9.0093742397
61 3 0.6874968312 10.9021031901 9.0080367467
61 3 0.6889301895 10.9111831699 9.0064444931
61 3 0.6902675238 10.9178294681 9.0197451182
 
62 3 1.5801849475 9.0993627673 6.4150411441
62 3 1.5795847975 9.1078250614 6.4100626978
62 3 1.5783044775 9.1131248047 6.4054345473
62 3 1.577654315 9.1159785126 6.4037467585
62 3 1.577174195 9.1182886571 6.4018572843
62 3 1.57675409 9.1196475657 6.3996175142
62 3 1.5761839475 9.1201540679 6.3966665375
62 3 1.5743034775 9.1160279275 6.4013371481
 
63 3 1.525321235 9.1128653767 1.1528977566
63 3 1.503395755 9.2011944318 1.1744993305
63 3 1.49321321 9.2467425753 1.1821739928
63 3 1.4915828025 9.2587256779 1.1836070211
63 3 1.4914227625 9.2656066966 1.18311873
63 3 1.4913027325 9.2701775707 1.181377866
63 3 1.4907225875 9.2735501347 1.1789576406
63 3 1.4896223125 9.2634077355 1.1872055142
 
64 3 4.449051985 7.8408157998 1.8369935933
64 3 4.461135005 7.8429900535 1.834626443
64 3 4.467416575 7.8438918746 1.8334587904
64 3 4.4678066725 7.845127246 1.8338409312
64 3 4.466576365 7.8482650893 1.8348599735
64 3 4.4648059225 7.8519217887 1.8356030252
64 3 4.4630054725 7.8546766669 1.8353694947
64 3 4.45999472 7.8410011055 1.8472052464
 
65 1 6.1119276 3.2196867113 4.5400351498
65 1 6.09756401 3.2102731812 4.5440476288
65 1 6.0807198 3.2029227214 4.5448649857
65 1 6.069416975 3.1966840958 4.5473276713
65 1 6.0618650875 3.1917673176 4.5508837043
65 1 6.057534005 3.1889630245 4.5530916293
65 1 6.0561036475 3.1864428669 4.5537497608
65 1 6.061294945 3.1664422039 4.5726869636
 
66 1 6.0567238025 0.1375128966 4.5540575965
66 1 6.0526027725 0.1389990484 4.5546838829
66 1 6.0495019975 0.1394054856 4.5533357748
66 1 6.0480216275 0.1392510642 4.5526564133
66 1 6.046851335 0.1383628322 4.5524441128
66 1 6.0465812675 0.1374597757 4.5518602865
66 1 6.04743148 0.1371991123 4.5500026573
66 1 6.0529228525 0.1248194555 4.5601718503
 
67 1 8.6291667525 1.68019158 3.6766409427
67 1 8.6132427725 1.6726681682 3.6717155716
67 1 8.592607615 1.6628593193 3.6634676979
67 1 8.57750384 1.656694816 3.6523643828
67 1 8.559279285 1.6525686755 3.6384374713
67 1 8.5470862375 1.6529392869 3.6233322922
67 1 8.5483465525 1.6599438428 3.6108171789
67 1 8.5690317225 1.6660836386 3.6222070996
 
68 1 6.603630495 4.7277292867 7.3184433766
68 1 6.6076615025 4.7275810421 7.3133587801
68 1 6.610952325 4.726938649 7.3091233855
68 1 6.613713015 4.7275316272 7.3045483102
68 1 6.6157235175 4.729656466 7.2989223475
68 1 6.61673377 4.7329302003 7.2930628542
68 1 6.616913815 4.7371798779 7.2866938398
68 1 6.6132529 4.7409724681 7.2891459104
 
69 1 8.640859675 1.6425992283 8.9248468036
69 1 8.64171989 1.6415615163 8.9213650757
69 1 8.6424100625 1.6427968877 8.9172889065
69 1 8.64280016 1.6447858357 8.9144546951
69 1 8.64187993 1.6468118448 8.9113444931
69 1 8.6390692275 1.6490602207 8.9080113755
69 1 8.63379791 1.6520127584 8.9040732016
69 1 8.6229652025 1.6540634749 8.910410371
 
70 1 8.6535528475 3.1930397502 6.3686428742
70 1 8.66232504 3.1925208942 6.3670506206
70 1 8.6735978575 3.1959058118 6.3568071224
70 1 8.677028715 3.1984753843 6.349121845
70 1 8.6685565975 3.1992536683 6.3473066759
70 1 8.6509722025 3.1991177774 6.3471368355
70 1 8.6275063375 3.1992783757 6.345555197
70 1 8.5942180175 3.1916684879 6.3617961837
 
71 1 8.555238275 0.0843620305 1.1285256615
71 1 8.5318224225 0.0700458055 1.1182821634
71 1 8.5140579825 0.060526157 1.1102359752
71 1 8.5114573325 0.0597463906 1.106626867
71 1 8.5153182975 0.0630458205 1.1042597167
71 1 8.5228801875 0.0688261233 1.103070834
71 1 8.532152505 0.0762807249 1.103070834
71 1 8.55273765 0.0830141167 1.1181866282
 
72 1 6.05035221 4.7538697455 1.9738000227
72 1 6.0494419825 4.7582058991 1.977058835
72 1 6.0569438575 4.7579217637 1.9808059385
72 1 6.0642256775 4.756006938 1.9880241548
72 1 6.0757885675 4.7555622043 1.9962932585
72 1 6.089381965 4.7559451694 2.0045729772
72 1 6.10236521 4.7555622043 2.0147846303
72 1 6.120789815 4.7409724681 2.0536886933
 
73 1 8.56141982 3.1966223272 1.1391406855
73 1 8.5439854625 3.1877894217 1.1181441681
73 1 8.5590692325 3.1982159563 1.1014042752
73 1 8.575803415 3.2094454823 1.0940374486
73 1 8.590126995 3.2186860604 1.091139547
73 1 8.6023000375 3.2250852843 1.0915535329
73 1 8.6122625275 3.229199071 1.0927530307
73 1 8.621894935 3.225011162 1.1066480971
 
74 1 6.6032504 3.1897536622 9.8417513467
74 1 6.6021401225 3.1905566536 9.8335883932
74 1 6.6037805325 3.1918167325 9.8303720409
74 1 6.6043406725 3.1937562656 9.8295971442
74 1 6.60425065 3.1963134844 9.8291513132
74 1 6.603750525 3.199266022 9.8291088531
74 1 6.6025002125 3.2028115379 9.8291831583
74 1 6.5977390225 3.2041704465 9.8434285205
 
75 1 6.5883166675 0.0984105505 9.8444369477
75 1 6.5835754825 0.0989779566 9.8393205062
75 1 6.58076478 0.101843277 9.8351912618
75 1 6.5805947375 0.1038980702 9.834395135
75 1 6.580984835 0.1052401777 9.834809121
75 1 6.581825045 0.1061683123 9.8360723088
75 1 6.58308536 0.1070000878 9.8378344028
75 1 6.58868676 0.1022332837 9.8559330187
 
76 1 8.598409065 0.1215023598 6.3952547393
76 1 8.594648125 0.122936873 6.3964011619
76 1 8.59326778 0.1229492268 6.3952122792
76 1 8.592647625 0.1221538946 6.3932272697
76 1 8.590887185 0.1212712218 6.3904249034
76 1 8.587686385 0.1201803888 6.3863593492
76 1 8.58266513 0.1185110315 6.3804786259
76 1 8.5765536025 0.1125574061 6.3836419031
 
77 2 8.476858685 4.7404659658 3.7352358752
77 2 8.4631852675 4.7387982144 3.7411059834
77 2 8.4641255025 4.7469516656 3.7361169222
77 2 8.4652457825 4.7558216323 3.7268712363
77 2 8.45863413 4.7612819739 3.7167445034
77 2 8.45515326 4.7613931573 3.709505057
77 2 8.4606246275 4.7568099294 3.7087938504
77 2 8.4737179 4.7409724681 3.7361806123
 
78 2 9.142345015 4.7369080962 9.0391812271
78 2 9.146306005 4.737216939 9.0301796868
78 2 9.1477363625 4.7385882013 9.0204244797
78 2 9.148026435 4.7400335858 9.0133973338
78 2 9.148266495 4.7414666166 9.0069115541
78 2 9.1482965025 4.7424796212 9.0011794412
78 2 9.1477963775 4.74330732 8.995362408
78 2 9.144305505 4.7409724681 9.000659305
 
79 2 6.0664462325 1.6552864926 7.1645998338
79 2 6.0690068725 1.6555335669 7.1619673078
79 2 6.07299787 1.6562994971 7.1562351949
79 2 6.0756485325 1.6561265451 7.1529869975
79 2 6.0757885675 1.6553482611 7.1516388895
79 2 6.0736080225 1.6542858417 7.1514690491
79 2 6.069577015 1.6529763481 7.15185119
79 2 6.0612049225 1.6425868746 7.1706610125
 
80 2 6.0134729925 1.6480842773 1.8782648067
80 2 6.0051109025 1.6487390242 1.8749104591
80 2 6.0027003 1.6524451384 1.8721080927
80 2 6.0033704675 1.653927584 1.8708555199
80 2 6.0038705925 1.6537422783 1.8687855902
80 2 6.0044907475 1.6528033961 1.8662061394
80 2 6.0062511875 1.6518150989 1.8637328388
80 2 6.0168738425 1.6400049484 1.8769485437
 
81 3 6.58152497 1.6425745209 8.627339526
81 3 6.5839755825 1.6427227654 8.6244628544
81 3 6.586226145 1.6445634688 8.618953657
81 3 6.58704635 1.6455270585 8.6159496052
81 3 6.5861961375 1.6457494254 8.6145696521
81 3 6.58380554 1.6458729625 8.614091976
81 3 6.579744525 1.6461076831 8.614102591
81 3 6.57232267 1.6387942844 8.6320632116
 
82 3 8.859394295 3.4467232671 4.4654221461
82 3 8.8823100225 3.4472544768 4.4584162302
82 3 8.9430452025 3.4557291246 4.4323669613
82 3 8.9933977875 3.4655132661 4.4095765048
82 3 9.008311515 3.4700717866 4.4000335982
82 3 9.00805145 3.4689352449 4.3971250817
82 3 9.0174838075 3.4672180787 4.3989508658
82 3 9.0435903325 3.4604111823 4.4301059612
 
83 3 8.625215765 3.4629066325 9.7646438123
83 3 8.627176255 3.4627830953 9.7553981264
83 3 8.627576355 3.4633637199 9.7435199146
83 3 8.62711624 3.4648832267 9.7352295808
83 3 8.62755635 3.4663903798 9.7281068997
83 3 8.6283465475 3.4674898604 9.7222686365
83 3 8.628776655 3.4684040352 9.7166320588
83 3 8.6254858325 3.4668474672 9.7238396601
 
84 3 9.03369786 6.0161969494 4.4497331406
84 3 9.02333527 6.0198536488 4.4408165204
84 3 9.01393292 6.0297119125 4.4386085955
84 3 9.010672105 6.036345857 4.4357213089
84 3 9.01277263 6.0361358438 4.4298724307
84 3 9.019634345 6.0320344108 4.423800637
84 3 9.02873662 6.029131288 4.4190026461
84 3 9.0435903325 6.0215214002 4.4301059612
 
85 3 9.02081464 4.7291870249 2.2591318678
85 3 9.001749875 4.7074815494 2.2619660792
85 3 8.9984390475 4.7045537192 2.2620722294
85 3 8.9734928125 4.712855415 2.2528583886
85 3 8.91602845 4.7280010684 2.2355558995
85 3 8.8613647875 4.7420225338 2.2192936827
85 3 8.8247556375 4.7502377536 2.2098038512
85 3 8.7955683425 4.7409724681 2.2271700305
 
86 3 6.5370638575 0.3658712999 1.1459024558
86 3 6.524530725 0.365126371 1.1421022772
86 3 6.51526841 0.3651140173 1.1404038734
86 3 6.5141381275 0.3648854736 1.1407860143
86 3 6.516008595 0.3638428201 1.1414229157
86 3 6.519409445 0.3624851469 1.1418793617
86 3 6.5237405275 0.3613733127 1.1416989063
86 3 6.5394044425 0.3515434624 1.1562096441
 
87 3 9.5142079575 1.6445387614 7.150980758
87 3 9.5159283875 1.6430316083 7.1504500068
87 3 9.5165085325 1.6430810231 7.1454927906
87 3 9.5161084325 1.6433404511 7.1398349828
87 3 9.514518035 1.6438345997 7.1334235083
87 3 9.5114272625 1.6449217265 7.1261097568
87 3 9.50685612 1.6467253688 7.1171825216
87 3 9.5023649975 1.6445017003 7.1218531321
 
88 3 8.6195843575 6.0116631364 9.7612257746
88 3 8.626256025 6.0107613153 9.7555148917
88 3 8.62759636 6.0105760096 9.7480631448
88 3 8.6273563 6.0117866735 9.7410996891
88 3 8.62739631 6.0135779621 9.7336054822
88 3 8.6277063875 6.0151962986 9.7265252612
88 3 8.6281865075 6.0164563774 9.7199651763
88 3 8.6254858325 6.0150974689 9.7238396601
 
89 3 6.58536593 0.3819496587 6.4173021442
89 3 6.58352547 0.3800768357 6.4159858812
89 3 6.5832454 0.3778914637 6.4127058388
89 3 6.583585485 0.3760742323 6.4108482096
89 3 6.5830753575 0.3749747518 6.4097442471
89 3 6.58140494 0.3745090168 6.4093408762
89 3 6.57832417 0.3742557656 6.4093727212
89 3 6.5736530025 0.367960313 6.4241700647
 
90 3 8.624295535 4.7390576424 7.5665164875
90 3 8.625015715 4.7401077081 7.558321689
90 3 8.6256058625 4.7417013372 7.548152496
90 3 8.626776155 4.7428996474 7.5400744627
90 3 8.6279264425 4.743912652 7.5326227159
90 3 8.628416565 4.744431508 7.5262749315
90 3 8.62795645 4.7448268268 7.5202455979
90 3 8.62459561 4.7409724681 7.5254894197
 
91 3 6.9165587075 4.8267443044 3.6948457088
91 3 6.9060160725 4.8137976121 3.7128594046
91 3 6.9083566575 4.7941675606 3.7336117765
91 3 6.910267135 4.7781695009 3.7587481533
91 3 6.90456571 4.7695836697 3.7881729999
91 3 6.9009748125 4.7654822366 3.8132563016
91 3 6.9048757875 4.7602689693 3.834666805
91 3 6.9173989175 4.7409724681 3.8858206056
 
92 3 6.526091115 1.6462682814 3.3420023111
92 3 6.52415063 1.6475654213 3.3369601747
92 3 6.5236204975 1.6489984521 3.3349751652
92 3 6.525050855 1.6499867493 3.334869015
92 3 6.5240005925 1.6504067755 3.3345824093
92 3 6.521129875 1.6506414961 3.3340516581
92 3 6.519889565 1.6509256315 3.3330538459
92 3 6.5295419775 1.641487394 3.346810917
 
93 3 5.704285715 4.7382917121 9.0531505987
93 3 5.708926875 4.7352650522 9.0454653213
93 3 5.7107973425 4.7327078334 9.0392130722
93 3 5.7130279 4.7340914494 9.0320903911
93 3 5.7151384275 4.7368216202 9.0235877568
93 3 5.7158286 4.7394900224 9.0146286766
93 3 5.71470832 4.7420843023 9.0045974789
93 3 5.7118175975 4.7409724681 9.0042684132
 
94 3 6.5879565775 2.9271013489 6.4300826331
94 3 6.5963786825 2.9234322958 6.424318675
94 3 6.6074614525 2.9195038148 6.4133639703
94 3 6.61505335 2.9163042028 6.4068038854
94 3 6.617313915 2.9141423029 6.4042987398
94 3 6.61433317 2.9132528355 6.4042562797
94 3 6.6079815825 2.9130551761 6.4054876225
94 3 6.594428195 2.9058653145 6.4267176705
 
95 3 6.5484467025 2.9195285222 1.1390982254
95 3 6.5403646825 2.9184413954 1.1325699857
95 3 6.54459574 2.9180460765 1.129608394
95 3 6.5469863375 2.9176136965 1.1285999667
95 3 6.54791657 2.9159335914 1.1270714032
95 3 6.5488067925 2.9138581675 1.1251394689
95 3 6.5500070925 2.9124127829 1.122974004
95 3 6.554858305 2.9028880694 1.1363277042
 
96 3 9.466305985 1.6327780257 1.8436173683
96 3 9.4594542725 1.6137409524 1.8232152922
96 3 9.4510521725 1.5983235173 1.8018366339
96 3 9.44944177 1.5988794345 1.7888226144
96 3 9.4529326425 1.6062669554 1.785521342
96 3 9.457223715 1.6147539569 1.7891304501
96 3 9.46064457 1.6230556527 1.7946184175
96 3 9.47180736 1.631036152 1.8241600293
 
97 1 6.0530028725 9.3742081963 4.5496842066
97 1 6.0512824425 9.3734669735 4.5540575965
97 1 6.0487218025 9.3730098861 4.5551403289
97 1 6.0472214275 9.3729357638 4.5553207843
97 1 6.046771315 9.3729110564 4.5551190989
97 1 6.047331455 9.3724910301 4.5543548172
97 1 6.0485417575 9.371329781 4.5528899438
97 1 6.0529228525 9.3571230099 4.5601718503
 
98 1 6.0572239275 6.3267569657 4.5379970652
98 1 6.0641256525 6.3335268009 4.5437504082
98 1 6.06963703 6.3334403249 4.5461600186
98 1 6.0699171 6.3320196478 4.5482830234
98 1 6.0690668875 6.3334773861 4.5511596949
98 1 6.067496495 6.3343297924 4.5530916293
98 1 6.065295945 6.3317602198 4.5537816059
98 1 6.061294945 6.3155027322 4.5726869636
 
99 1 8.5525676075 7.8193450449 3.6522476175
99 1 8.5580489775 7.8296974572 3.6399766498
99 1 8.5607296475 7.8370232096 3.6318243114
99 1 8.561439825 7.8406552015 3.6277481421
99 1 8.562440075 7.8412975946 3.6235339776
99 1 8.56386043 7.8389380353 3.6197868741
99 1 8.565480835 7.8343548074 3.6165280618
99 1 8.5690317225 7.8158612975 3.6222070996
 
100 1 6.6020601025 10.9225609405 7.3089535452
100 1 6.60008961 10.9210043726 7.3084121789
100 1 6.599789535 10.9201272589 7.3077540474
100 1 6.599789535 10.9199790143 7.3083803339
100 1 6.5994594525 10.9201766737 7.3092401508
100 1 6.598749275 10.9205225777 7.310227348
100 1 6.59740894 10.9208437743 7.311522381
100 1 6.59368801 10.9178294681 7.3293768513
 
101 1 8.621294785 7.8143047296 8.914847451
101 1 8.6258659275 7.8148730004 8.9127881363
101 1 8.6269662025 7.8157624678 8.9108031268
101 1 8.6269461975 7.8173684506 8.9090622629
101 1 8.6267261425 7.819468582 8.9065995773
101 1 8.6264860825 7.8217293117 8.9040519716
101 1 8.6261259925 7.8244965436 8.9014725208
101 1 8.6229652025 7.8278814612 8.910410371
 
102 1 8.582885185 9.3607797092 6.3842894195
102 1 8.58210499 9.3629292555 6.3823681002
102 1 8.5816348725 9.36394226 6.3806060062
102 1 8.58126478 9.3649058497 6.3797992644
102 1 8.580644625 9.3661165137 6.3788545272
102 1 8.57986443 9.3673889462 6.3776337995
102 1 8.57886418 9.3687849159 6.3759141656
102 1 8.5765536025 9.3693902479 6.3836419031
 
103 1 8.55885918 6.2564890404 1.1327716711
103 1 8.6071812575 6.2518316903 1.1284832014
103 1 8.6413698025 6.2463713487 1.1231650744
103 1 8.65064212 6.2479526241 1.1167111398
103 1 8.64916175 6.2553772062 1.1080917403
103 1 8.642740145 6.263246522 1.1006612235
103 1 8.63531829 6.2680521167 1.0961710684
103 1 8.621894935 6.2569337741 1.1066480971
 
104 1 6.039729555 10.9352234974 2.0211854898
104 1 6.04038972 10.9284660158 2.0251979689
104 1 6.0397195525 10.9246363645 2.0256119548
104 1 6.03978957 10.9239074954 2.0248582881
104 1 6.0402396825 10.9243769365 2.0237649406
104 1 6.0411099 10.9256864302 2.0223212974
104 1 6.0425802675 10.927378889 2.0203681329
104 1 6.0485217525 10.9178294681 2.0268751427
 
105 1 8.5427451525 9.3946288856 1.1275703094
105 1 8.551317295 9.3991256375 1.1227086284
105 1 8.554358055 9.4001633495 1.1184201587
105 1 8.5543080425 9.4006822054 1.1160317783
105 1 8.5536678825 9.4023623105 1.1137707782
105 1 8.5530077175 9.4045242105 1.1118282288
105 1 8.5526676325 9.4065502196 1.1100236747
105 1 8.55273765 9.3989279781 1.1181866282
 
106 1 6.59340794 9.3692420033 9.8396389569
106 1 6.596828795 9.3683648896 9.8417938068
106 1 6.5971988875 9.368216645 9.8422396378
106 1 6.59656873 9.3692172959 9.8424943984
106 1 6.595748525 9.3712803661 9.8426960838
106 1 6.5947582775 9.3740352443 9.8427491589
106 1 6.5934979625 9.3775807603 9.8425262434
106 1 6.58868676 9.3797055991 9.8559330187
 
107 1 6.5985792325 6.2826912678 9.8406686142
107 1 6.6040606025 6.2802822936 9.8455196802
107 1 6.60573102 6.2786886645 9.8475683798
107 1 6.6057610275 6.2785527736 9.8469314784
107 1 6.605230895 6.2790716296 9.8446704783
107 1 6.604150625 6.279788145 9.841475356
107 1 6.6026602525 6.2804675993 9.8377813277
107 1 6.5977390225 6.2777744897 9.8434285205
 
108 1 8.5902370225 6.2716099864 6.3788969873
108 1 8.5916573775 6.277156804 6.3782388559
108 1 8.5907171425 6.2834077833 6.3777293347
108 1 8.5900969875 6.2876327534 6.3757337102
108 1 8.590247025 6.2900911425 6.3711586348
108 1 8.5908771825 6.2911659156 6.3648426956
108 1 8.5916773825 6.2920059682 6.3572529534
108 1 8.5942180175 6.2902764482 6.3617961837
 
109 2 8.53009199 10.9193119137 3.7494387773
109 2 8.522990215 10.9226968314 3.7522199136
109 2 8.5189191975 10.9245375348 3.7516254722
109 2 8.5170787375 10.9258840896 3.7502349041
109 2 8.515548355 10.927119461 3.7485577303
109 2 8.514388065 10.9280089284 3.746647026
109 2 8.5133778125 10.9284660158 3.7443117207
109 2 8.51440807 10.9178294681 3.7502773642
 
110 2 9.1310321875 10.8968528617 9.0296595506
110 2 9.13044204 10.8981500017 9.0240548179
110 2 9.1303520175 10.8995706788 9.020562475
110 2 9.130942165 10.9013372599 9.0192568271
110 2 9.131822385 10.903968601 9.0178768739
110 2 9.13284264 10.9074276409 9.0163270804
110 2 9.13404294 10.9122579431 9.0145225264
110 2 9.13540328 10.9178294681 9.0251269353
 
111 2 6.0637255525 7.8263866619 7.153645129
111 2 6.0656060225 7.8273255441 7.158050364
111 2 6.0651159 7.8282644264 7.1590800213
111 2 6.0645057475 7.8299074703 7.1591118664
111 2 6.0641656625 7.8323287983 7.1592180166
111 2 6.06387559 7.8349354319 7.1591118664
111 2 6.0632654375 7.8375544193 7.1586766504
111 2 6.0612049225 7.8393580616 7.1706610125
 
112 2 6.00722143 7.852774195 1.8701336983
112 2 6.01882433 7.8522306315 1.870908595
112 2 6.02466579 7.8512052733 1.87091921
112 2 6.02486584 7.8510323213 1.8708024448
112 2 6.023565515 7.8528977321 1.8699426278
112 2 6.0217350575 7.8554425972 1.8684989846
112 2 6.0199046 7.8570732874 1.8666838155
112 2 6.0168738425 7.8419399878 1.8769485437
 
113 3 6.5759535775 7.8261519413 8.615418854
113 3 6.5797345225 7.8261395876 8.6188899668
113 3 6.5796745075 7.8271896533 8.6196542486
113 3 6.5787542775 7.8294133218 8.6196754786
113 3 6.57780404 7.8326499948 8.619824089
113 3 6.5769138175 7.8360596199 8.6197922439
113 3 6.5759735825 7.8394815987 8.6194419481
113 3 6.57232267 7.8431506517 8.6320632116
 
114 3 9.0469511725 9.630411871 4.4597006481
114 3 9.0478614 9.6351433434 4.4583950002
114 3 9.0488716525 9.6390224096 4.4566329062
114 3 9.0498719025 9.6423208513 4.4559535447
114 3 9.0508721525 9.6452980964 4.4551149578
114 3 9.05142229 9.6472746906 4.4539366901
114 3 9.0513322675 9.648077682 4.4519729107
114 3 9.052002435 9.6359092737 4.4560384649
 
115 3 8.610972205 9.6223078346 9.7513962624
115 3 8.61371289 9.623110826 9.7466938068
115 3 8.6142630275 9.6246179791 9.7433819193
115 3 8.6144030625 9.6265698659 9.7420550413
115 3 8.61491319 9.6292629756 9.740622013
115 3 8.615893435 9.6326849544 9.7390191444
115 3 8.61759386 9.6373546583 9.7373101255
115 3 8.6156033625 9.6444209827 9.7483922106
 
116 3 9.0638353925 12.1919668226 4.4671205499
116 3 9.057763875 12.1963400374 4.4685111181
116 3 9.054483055 12.2001326276 4.4654433761
116 3 9.0532727525 12.2039375715 4.4607303055
116 3 9.0521924825 12.2078042839 4.4556881691
116 3 9.0512722525 12.2105468085 4.4514633895
116 3 9.05050206 12.2116586427 4.4480771969
116 3 9.052002435 12.1997496624 4.4560384649
 
117 3 9.0298869075 10.9123444191 2.2632929572
117 3 9.0149831825 10.9196331103 2.2650656662
117 3 9.006511065 10.9229809668 2.2638343234
117 3 9.002310015 10.9238951416 2.2621889947
117 3 8.9987591275 10.924784609 2.2604375157
117 3 8.9962384975 10.9254887707 2.2585798865
117 3 8.9944180425 10.9259335045 2.2563082714
117 3 8.9954483 10.9178294681 2.2624331402
 
118 3 6.54747646 6.5872844402 1.1299374597
118 3 6.5658710575 6.5852337237 1.1380579531
118 3 6.5760736075 6.5839489374 1.1421447373
118 3 6.575943575 6.5839736449 1.1423145777
118 3 6.571942575 6.5871856105 1.13889654
118 3 6.56692132 6.5916453013 1.1335571829
118 3 6.562180135 6.5946966686 1.1281647507
118 3 6.554858305 6.5790568667 1.1363277042
 
119 3 9.5070661725 7.8223346437 7.1312368133
119 3 9.50849653 7.826769627 7.1261628319
119 3 9.5087866025 7.8302533743 7.1232861604
119 3 9.50849653 7.8326252874 7.1217469819
119 3 9.5079864025 7.8345154057 7.1193055264
119 3 9.507196205 7.8358248993 7.1164394699
119 3 9.5059658975 7.8370232096 7.1135097233
119 3 9.5023649975 7.8374432359 7.1218531321
 
120 3 8.6134028125 12.1676176523 9.7571708354
120 3 8.6106821325 12.1673829317 9.7534874221
120 3 8.60887168 12.1682106306 9.7502710698
120 3 8.6087216425 12.1701007488 9.7483179054
120 3 8.609211765 12.1731274087 9.7460569053
120 3 8.60995195 12.1772288418 9.7433076141
120 3 8.6109021875 12.1829362577 9.7399214214
120 3 8.6156033625 12.1912255998 9.7483922106
 
121 3 6.587586485 6.5568943038 6.410572219
121 3 6.58980704 6.5586361775 6.4139902567
121 3 6.5896570025 6.5597603654 6.4152003694
121 3 6.58960699 6.5617616671 6.4153383647
121 3 6.5904772075 6.5648871567 6.4156568155
121 3 6.59148746 6.5683585504 6.4155506652
121 3 6.59200759 6.5719411274 6.4147439234
121 3 6.594428195 6.5760796216 6.4267176705
 
122 3 8.6163235425 10.9047715924 7.5543835151
122 3 8.612452575 10.9066987718 7.5502118106
122 3 8.6121024875 10.9081812174 7.5469105382
122 3 8.61311274 10.9093301128 7.5454244348
122 3 8.614052975 10.9109855105 7.5439064864
122 3 8.614893185 10.913036227 7.5422717727
122 3 8.6155633525 10.9156552144 7.5405096787
122 3 8.6169236925 10.9178294681 7.5510079374
 
123 3 6.971242375 10.9259335045 3.767887689
123 3 6.9647907625 10.9274530113 3.7768786143
123 3 6.9612098675 10.928503077 3.7799994314
123 3 6.95969949 10.9291825312 3.7812201591
123 3 6.9585291975 10.9298619855 3.7823028916
123 3 6.95765898 10.9302325969 3.7828017977
123 3 6.9568487775 10.9299237541 3.7823878118
123 3 6.95805908 10.9178294681 3.7899350938
 
124 3 6.52106986 7.8619777119 3.3360791277
124 3 6.527891565 7.8639543061 3.3394653204
124 3 6.5310223475 7.8640160747 3.3411637242
124 3 6.5309023175 7.8629783627 3.3416201702
124 3 6.53107236 7.8626942273 3.3406860481
124 3 6.5312223975 7.8621630176 3.3389239541
124 3 6.53075228 7.8601864234 3.3369177146
124 3 6.5295419775 7.8404451884 3.346810917
 
125 3 5.7014750125 10.9015843342 9.0305405976
125 3 5.7019751375 10.8996571548 9.0312093441
125 3 5.70206516 10.900509561 9.0304450624
125 3 5.7013149725 10.9025973387 9.0306042877
125 3 5.699884615 10.9053028021 9.0306255178
125 3 5.69766406 10.9087371346 9.0306149027
125 3 5.6941931925 10.9133944847 9.0309758136
125 3 5.6870113975 10.9178294681 9.0481084623
 
126 3 6.581224895 9.0991280467 6.4084916743
126 3 6.58232517 9.0995357193 6.4113789608
126 3 6.582065105 9.1002151735 6.4115700312
126 3 6.5815749825 9.1018582175 6.4113152706
126 3 6.5809348225 9.1043783752 6.4111454303
126 3 6.579944575 9.1073062054 6.4110605101
126 3 6.57828416 9.1105428784 6.4110817401
126 3 6.5736530025 9.1139772109 6.4241700647
 
127 3 6.522130125 9.1383881498 1.1421022772
127 3 6.53499334 9.1380916607 1.1434291552
127 3 6.54099484 9.1379063549 1.1440554416
127 3 6.5420351 9.1380669532 1.144649883
127 3 6.54175503 9.1403523903 1.1449683337
127 3 6.5409048175 9.1434902337 1.1450320239
127 3 6.5401646325 9.1456150725 1.1447454182
127 3 6.5394044425 9.1303952968 1.1562096441
 
