1 3 9.447061175 7.8310687195 1.8536804111
1 3 9.4576138125 7.8369490873 1.8587437775
1 3 9.4652157125 7.844089534 1.8553257398
1 3 9.4703970075 7.8488951288 1.8524702983
1 3 9.4731777025 7.8534165881 1.8489673404
1 3 9.475068175 7.8570979949 1.8445196454
1 3 9.476068425 7.8590004668 1.8396473493
1 3 9.4756983325 7.8508223081 1.836388537
 
2 1 1.0666565975 0.1833476463 4.5572527187
2 1 1.06014497 0.1801517405 4.572400358
2 1 1.0560139375 0.1862285324 4.5740775317
2 1 1.052643095 0.1948341296 4.5701712029
2 1 1.0517128625 0.1950540257 4.5602673855
2 1 1.0521529725 0.1805347057 4.5501300376
2 1 1.0527931325 0.1602968514 4.5363729665
2 1 1.054803635 0.1277324613 4.5272440459
 
3 1 3.5076066825 1.718031006 3.6471205609
3 1 3.5020252875 1.7140284026 3.6554002797
3 1 3.5013651225 1.7143495992 3.654657228
3 1 3.50067495 1.7161038266 3.6516744062
3 1 3.5091470675 1.7136824987 3.646250129
3 1 3.527621685 1.7037871737 3.6388939173
3 1 3.542905505 1.6932865168 3.6288627197
3 1 3.5579192575 1.6737429413 3.6275358417
 
4 1 1.58899715 4.7262715484 7.2766732572
4 1 1.5894072525 4.7272721992 7.2673532661
4 1 1.5893872475 4.7301506146 7.2579483548
4 1 1.58951728 4.7322383923 7.2511441244
4 1 1.589457265 4.7342396939 7.2440957485
4 1 1.58915719 4.7366610219 7.2384910158
4 1 1.5881669425 4.7399471098 7.2344466917
4 1 1.585736335 4.7411330663 7.2380133398
 
5 1 3.5716826975 1.647491299 8.8927788161
5 1 3.5739632675 1.648183107 8.8981287882
5 1 3.57525359 1.6520374658 8.896271159
5 1 3.5768439875 1.6556818114 8.8946895204
5 1 3.5801048025 1.6571395497 8.8941906143
5 1 3.585036035 1.6580413708 8.8957828679
5 1 3.59225784 1.6597832445 8.898500314
5 1 3.598119305 1.6587949474 8.912650141
 
6 1 3.5525579175 3.1956093227 6.3358849101
6 1 3.5526179325 3.1933362393 6.3443450842
6 1 3.551107555 3.1948804535 6.3440160185
6 1 3.549467145 3.1965729124 6.3432411217
6 1 3.5486769475 3.1972276592 6.3430182062
6 1 3.551187575 3.1969188163 6.3430075912
6 1 3.558469395 3.1958440432 6.3419460888
6 1 3.574433385 3.1871840897 6.3551617937
 
7 1 3.53076247 0.1011954482 1.1150658111
7 1 3.5377142075 0.0888755834 1.11899337
7 1 3.54680648 0.0857661536 1.1151188862
7 1 3.554908505 0.085705991 1.1120405293
7 1 3.5538982525 0.0856448401 1.1114567029
7 1 3.5463563675 0.0854972132 1.111053332
7 1 3.53672396 0.0861892683 1.1112231724
7 1 3.5277717225 0.0804820995 1.1214985156
 
8 1 1.0416103375 4.6313703175 2.0857036057
8 1 0.967797889 4.3395879465 2.3063581096
8 1 0.8911797393 4.0549336685 2.5725192213
8 1 0.8294253045 3.8015219332 2.8783911379
8 1 0.8016293572 3.5935224506 3.25528818
8 1 0.854769639 3.4331712429 3.6518017865
8 1 0.9446361 3.3113265617 4.0544190318
8 1 1.04026 3.2130280594 4.4270169892
 
9 1 3.55680898 3.2190690256 1.1062765712
9 1 3.5537582175 3.2227751398 1.1088772521
9 1 3.5409150075 3.2343505698 1.110151055
9 1 3.52268045 3.2446041524 1.1137177031
9 1 3.5132680975 3.2481002535 1.1124439002
9 1 3.5111275625 3.2489279523 1.1109259517
9 1 3.51023734 3.2486685243 1.1128791162
9 1 3.5201698225 3.2388720291 1.1275703094
 
10 1 1.585296225 3.1728414278 9.8165512797
10 1 1.586656565 3.1776223151 9.8194279512
10 1 1.5840459125 3.1860846092 9.8201179278
10 1 1.581295225 3.1934474227 9.8203089982
10 1 1.585856365 3.198574214 9.8075072792
10 1 1.592057915 3.2027991842 9.7961173585
10 1 1.59715919 3.2083089407 9.7934636025
10 1 1.60224046 3.2154988022 9.8105325611
 
11 1 1.5974892725 0.0466151338 9.8168697304
11 1 1.602980645 0.0369886257 9.8167423501
11 1 1.606661565 0.0343803861 9.8128147912
11 1 1.6088021 0.0354274869 9.8140567491
11 1 1.6068316075 0.0423140647 9.8203089982
11 1 1.6020004 0.0559080916 9.8245656228
11 1 1.5950886725 0.0780599068 9.8267310877
11 1 1.5816653175 0.1060187088 9.8454772201
 
12 1 3.57193276 0.1259671155 6.3762644614
12 1 3.5741233075 0.125396374 6.3842151144
12 1 3.575273595 0.1275175067 6.3839391237
12 1 3.576193825 0.1297004079 6.3830368467
12 1 3.5764838975 0.1308900706 6.3814552081
12 1 3.57617382 0.1301859089 6.3795126587
12 1 3.5759437625 0.1275607446 6.3762644614
12 1 3.574513405 0.116977812 6.3771561234
 
13 2 3.5670015275 4.7701395868 3.7235593488
13 2 3.574913505 4.7701395868 3.743547439
13 2 3.5818252325 4.7748339981 3.7495024674
13 2 3.5836056775 4.7762052604 3.7521562234
13 2 3.58345564 4.7742163124 3.7567206837
13 2 3.58513606 4.7729068188 3.7600007262
13 2 3.5808249825 4.767668844 3.7610197685
13 2 3.5742833475 4.7411330663 3.7843303612
 
14 2 4.141455105 4.743134368 9.0331200484
14 2 4.14487596 4.7413430795 9.0349033724
14 2 4.14627631 4.7409724681 9.0322390014
14 2 4.14723655 4.7405895029 9.0300310764
14 2 4.1499272225 4.7417136909 9.0247766395
14 2 4.151897715 4.7430973069 9.0194585125
14 2 4.1517676825 4.7434432109 9.0154991086
14 2 4.148776935 4.7411330663 9.0183863951
 
15 2 1.068847145 1.6477136659 7.210690268
15 2 1.070807635 1.6449958488 7.2170805124
15 2 1.071487805 1.6463176962 7.2150424278
15 2 1.071807885 1.6476271899 7.2108707234
15 2 1.0710576975 1.6485537184 7.1993215773
15 2 1.068006935 1.650258531 7.1805966749
15 2 1.06174537 1.6526427978 7.152774697
15 2 1.05366335 1.6465400631 7.1414909265
 
16 2 1.0332482475 1.600670723 1.8590409982
16 2 1.027316765 1.5592363662 1.8548268337
16 2 1.0223455225 1.5375926593 1.8400294902
16 2 1.0157638775 1.5323299771 1.8219414893
16 2 1.01733427 1.5374567684 1.8035774978
16 2 1.02253557 1.5462279054 1.797930305
16 2 1.0261664775 1.5603482005 1.8075581318
16 2 1.036158975 1.5752591333 1.8452096219
 
17 3 1.53110268 1.5758521116 8.7029503419
17 3 1.53286312 1.5753332556 8.7094891967
17 3 1.5332532175 1.5785946361 8.7074829572
17 3 1.534323485 1.5812506846 8.7027486564
17 3 1.5393347375 1.5847097245 8.6882697637
17 3 1.5486770725 1.5975328796 8.6642055043
17 3 1.5632407125 1.625378151 8.627795972
17 3 1.5727830975 1.6508020944 8.6071179052
 
18 3 4.10298549 3.4983494379 4.4586922209
18 3 4.11138759 3.4940626992 4.4709207285
18 3 4.1139982425 3.4935685506 4.472449292
18 3 4.11398824 3.4911966375 4.4726297474
18 3 4.11430832 3.4861686759 4.4738292451
18 3 4.1131380275 3.4809183475 4.4743387662
18 3 4.11090747 3.4737161322 4.474243231
18 3 4.1212400525 3.4477486254 4.4896350158
 
19 3 3.61306304 3.4676010438 9.7544533893
19 3 3.6149135025 3.4666745153 9.7579988073
19 3 3.6147534625 3.4674157381 9.7567356195
19 3 3.6149535125 3.4681075461 9.7555255067
19 3 3.6207749675 3.4690217209 9.7496978585
19 3 3.6269065 3.4705659352 9.7449210977
19 3 3.6321178025 3.4718630751 9.7441143559
19 3 3.638969515 3.4712330357 9.7560137978
 
20 3 4.1046759125 6.0552841005 4.4517818402
20 3 4.11578869 6.0564947645 4.4637131272
20 3 4.12499099 6.0602255861 4.4674814607
20 3 4.129132025 6.061053285 4.4692753998
20 3 4.1302423025 6.0604726604 4.4704430524
20 3 4.1315826375 6.060102049 4.471589475
20 3 4.127491615 6.0559141399 4.4723749868
20 3 4.1212400525 6.0345175073 4.4896350158
 
21 3 4.095203545 4.7505589501 2.2438886933
21 3 4.0864113475 4.7486688319 2.2597263091
21 3 4.0885118725 4.7522267015 2.2658405629
21 3 4.0918126975 4.7547839203 2.2703413331
21 3 4.0899522325 4.7550433483 2.27557454
21 3 4.088881965 4.7557351563 2.2793110284
21 3 4.087241555 4.7555004357 2.2819329393
21 3 4.075758685 4.7411330663 2.3034283629
 
22 3 1.5061864525 0.3198969533 1.0867449271
22 3 1.502275475 0.2791037543 1.0949821857
22 3 1.5047861025 0.2558478877 1.0998650967
22 3 1.5110676725 0.2422069167 1.1130595716
22 3 1.5084470175 0.2246807026 1.133589028
22 3 1.500635065 0.2148977965 1.1478237752
22 3 1.4959438925 0.2180146386 1.1617294566
22 3 1.4986045575 0.226022316 1.1966847306
 
23 3 4.5029554575 1.6515803784 7.1578699086
23 3 4.505126 1.6524698458 7.1634534112
23 3 4.5074965925 1.6565095103 7.1599292232
23 3 4.5105173475 1.6608209564 7.1551630774
23 3 4.5126578825 1.6635017124 7.1504287767
23 3 4.511227525 1.6633164067 7.1479448611
23 3 4.5068964425 1.661488057 7.147021354
23 3 4.4978141725 1.6495914304 7.1585705001
 
24 3 3.6241558125 6.0139362198 9.7741654889
24 3 3.6308774925 6.0108972061 9.7766812496
24 3 3.63458842 6.0097606644 9.7742610241
24 3 3.6373591125 6.0092047473 9.7722441695
24 3 3.64006979 6.0093282844 9.768486451
24 3 3.6418602375 6.0103659964 9.7634443146
24 3 3.6418602375 6.0115025381 9.757436211
24 3 3.638969515 6.0110207433 9.7560137978
 
25 3 1.58127522 0.3745609024 6.457034179
25 3 1.58419595 0.3718257901 6.4643054704
25 3 1.5855862975 0.3730364541 6.4626813718
25 3 1.5861464375 0.3742631779 6.4583929021
25 3 1.58459605 0.3746276124 6.4474488123
25 3 1.5811851975 0.3739778071 6.4342543375
25 3 1.576414005 0.3722309919 6.4190748532
25 3 1.5683819975 0.3649348884 6.4151366793
 
26 3 3.65079247 4.7640615595 7.5603491585
26 3 3.6521128 4.7616278779 7.5623872432
26 3 3.6521628125 4.7611090219 7.5595954918
26 3 3.6514226275 4.7606766419 7.5573238767
26 3 3.6497422075 4.7611707905 7.5527700314
26 3 3.645091045 4.7597006985 7.5485558669
26 3 3.6359387575 4.7537338546 7.5460188761
26 3 3.6200147775 4.7411330663 7.5522180502
 
27 3 2.03294811 4.8214445611 3.7155874657
27 3 2.040009875 4.8175654949 3.7657540692
27 3 2.0477818175 4.823952365 3.7894680328
27 3 2.0509426075 4.8231246662 3.8050190429
27 3 2.0515427575 4.8145635424 3.8291045324
27 3 2.052893095 4.8078678294 3.8481266554
27 3 2.04815191 4.7913632675 3.8590601301
27 3 2.04355076 4.7411330663 3.9126766164
 
28 3 1.59215794 1.5238059145 3.2883433648
28 3 1.575853865 1.5153806815 3.2897976231
28 3 1.5557388375 1.5362584582 3.284925327
28 3 1.5255112825 1.5799658983 3.282674942
28 3 1.51025747 1.6142721621 3.2799362658
28 3 1.51989988 1.6143462844 3.280912848
28 3 1.5288921275 1.6156310706 3.2912412663
28 3 1.53546377 1.6225985653 3.3293279724
 
29 3 0.6953117845 4.7434926257 9.05150527
29 3 0.6985525945 4.7397865115 9.0433104714
29 3 0.6994168105 4.7411083589 9.0321222361
29 3 0.6998359153 4.7429490623 9.022759785
29 3 0.7002320143 4.7446662286 9.0133017986
29 3 0.7009081833 4.745382744 9.0043639484
29 3 0.7012562703 4.7446538748 8.9951925676
29 3 0.6984335648 4.7411330663 8.9918700651
 
30 3 1.63808942 2.9281143534 6.5875458991
30 3 1.63820945 2.9237905535 6.5890638475
30 3 1.6366590625 2.9237411387 6.5820473167
30 3 1.63408842 2.9239017369 6.5722390345
30 3 1.6268766175 2.9242352872 6.5501067094
30 3 1.61152278 2.9240252741 6.5067974115
30 3 1.58411593 2.9210727364 6.4328637694
30 3 1.5663214825 2.9080272145 6.3871873211
 
31 3 1.555288725 2.8888418966 1.1390239203
31 3 1.56034999 2.8436890719 1.1351600515
31 3 1.55698915 2.821612985 1.1271987835
31 3 1.5515978025 2.8095310527 1.1153418017
31 3 1.5747635925 2.7755954004 1.0706950108
31 3 1.601820355 2.7441304908 1.0312304746
31 3 1.617464265 2.7301213791 1.0122784107
31 3 1.6356988225 2.7249204655 1.0262212447
 
32 3 4.461975215 1.6534581429 1.8524596833
32 3 4.4551435075 1.6526180904 1.8595399043
32 3 4.452292795 1.6586590565 1.8593276038
32 3 4.4508424325 1.6645147169 1.8601768058
32 3 4.452052735 1.6642182278 1.8608773973
32 3 4.45319302 1.6607468342 1.8576822751
32 3 4.4550234775 1.6566701085 1.8525127584
32 3 4.464615875 1.6420803723 1.8569604535
 
33 1 1.04414097 9.3582966127 4.5384004361
33 1 1.0487521225 9.3637322469 4.5428587462
33 1 1.05206295 9.3700079336 4.5398546944
33 1 1.054563575 9.3746035152 4.5373389337
33 1 1.0560939575 9.3764936334 4.5357891402
33 1 1.0566140875 9.3755300437 4.5336236753
33 1 1.0559539225 9.3720957112 4.5304285531
33 1 1.054803635 9.3545287299 4.5272440459
 
34 1 1.037359275 6.2243570303 4.5293245906
34 1 1.0387896325 6.2499662795 4.5189537121
34 1 1.038799635 6.2691763047 4.5013009272
34 1 1.0393897825 6.2801711102 4.4840196681
34 1 1.039519815 6.2883245614 4.4695832355
34 1 1.03797943 6.2937972567 4.4541383756
34 1 1.037079205 6.2916847716 4.437069417
34 1 1.04026 6.2692257196 4.4270169892
 
35 1 3.53580373 7.8180973198 3.6275783018
35 1 3.545386125 7.8212598705 3.6297331516
35 1 3.550587425 7.8249659847 3.6266441796
35 1 3.5540182825 7.8266584436 3.6248714706
35 1 3.555588675 7.8276096795 3.6239904236
35 1 3.5567189575 7.8289562344 3.6232049119
35 1 3.557029035 7.8277826315 3.6222283297
35 1 3.5579192575 7.8085108377 3.6275358417
 
36 1 1.586816605 10.920683176 7.2959713708
36 1 1.589817355 10.9184842149 7.2986782019
36 1 1.59051753 10.9191019006 7.2963428966
36 1 1.59063756 10.9202384423 7.2950372487
36 1 1.5906875725 10.9224250497 7.2939651313
36 1 1.5906475625 10.9237839582 7.2923941077
36 1 1.5900274075 10.9235739451 7.2896235864
36 1 1.5876668175 10.9179900663 7.2939120561
 
37 1 3.605161065 7.8151571358 8.8928000461
37 1 3.604961015 7.8138229347 8.9046357979
37 1 3.6041908225 7.8139341181 8.9071940187
37 1 3.6037107025 7.8139711793 8.9081599859
37 1 3.6033006 7.8150088913 8.9081599859
37 1 3.602800475 7.8171213763 8.9077247699
37 1 3.6017102025 7.8199627306 8.9071090985
37 1 3.598119305 7.8234711853 8.912650141
 
38 1 3.5766639425 9.3647946663 6.3633778223
38 1 3.5774641425 9.362818072 6.372570433
38 1 3.5766239325 9.3635345874 6.3733028697
38 1 3.575473645 9.36437464 6.3738230059
38 1 3.57473346 9.3659929765 6.3746085176
38 1 3.574593425 9.3672901165 6.374746513
38 1 3.5746834475 9.3678336799 6.3739928463
38 1 3.574513405 9.3652764611 6.3771561234
 
39 1 3.54452591 6.2616776003 1.1169446704
39 1 3.52804179 6.2605410586 1.1254791496
39 1 3.518459395 6.2608128403 1.1264345018
39 1 3.514378375 6.2596515912 1.1268272577
39 1 3.5143483675 6.2580950233 1.1260311309
39 1 3.517219085 6.2582679753 1.123855051
39 1 3.520099805 6.258020901 1.1215091307
39 1 3.5201698225 6.2433817499 1.1275703094
 
40 1 1.058084455 10.9269218016 2.0100184845
40 1 1.046001435 10.9238457268 2.0326815608
40 1 1.036399035 10.925562893 2.0430630543
40 1 1.0285070625 10.9257605525 2.0494002236
40 1 1.022035445 10.92146146 2.0538054585
40 1 1.01777438 10.919386036 2.0550155713
40 1 1.0158539 10.9214367526 2.0529987167
40 1 1.017194235 10.9179900663 2.055323407
 
41 1 3.545626185 9.3986561963 1.1099175245
41 1 3.5403548675 9.4004104237 1.1209465344
41 1 3.5364939025 9.4027082145 1.122103572
41 1 3.534223335 9.4038571099 1.1220292668
41 1 3.53272296 9.4056607522 1.1211269898
41 1 3.531262595 9.4084403378 1.1195665813
41 1 3.529582175 9.4105157618 1.1177301821
41 1 3.5277717225 9.401781686 1.1214985156
 
42 1 1.59395839 9.3565053242 9.8300748203
42 1 1.589577295 9.3587537001 9.8422714828
42 1 1.5873867475 9.3598902418 9.8452012295
42 1 1.586256465 9.3599767178 9.8462202718
42 1 1.585856365 9.3614838709 9.8459867412
42 1 1.5853262325 9.3647081903 9.844543098
42 1 1.5842859725 9.3695508462 9.8424307082
42 1 1.5816653175 9.3762465591 9.8454772201
 
43 1 1.6000499125 6.2698063441 9.8345437454
43 1 1.6031506875 6.2660137539 9.83658183
43 1 1.60516119 6.2654701905 9.8325587359
43 1 1.606701575 6.26480309 9.8284931817
43 1 1.6073317325 6.264024806 9.8248946886
43 1 1.6072717175 6.2643583563 9.8208079043
43 1 1.6060514125 6.2654701905 9.816254059
43 1 1.60224046 6.2667673305 9.8105325611
 
44 1 3.59025734 6.2850878884 6.3395577084
44 1 3.59201778 6.2881516094 6.3494190657
44 1 3.591757715 6.2908817802 6.3506822536
44 1 3.590477395 6.292228335 6.3502364225
44 1 3.5882068275 6.2946867241 6.3488246244
44 1 3.5858862475 6.2972439429 6.3472748308
44 1 3.582795475 6.2981581178 6.3456931923
44 1 3.574433385 6.295082043 6.3551617937
 
45 2 3.526341365 10.9215232286 3.75728328
45 2 3.5283118575 10.9246487182 3.76835475
45 2 3.5282918525 10.9306526232 3.7687262759
45 2 3.527341615 10.9362982705 3.7674100129
45 2 3.527381625 10.9386825373 3.7660406748
45 2 3.528741965 10.9376201179 3.764777487
45 2 3.5309725225 10.9344452134 3.7628137075
45 2 3.536583925 10.9179900663 3.764363501
 
46 2 4.1407449275 10.9063775752 9.0356676542
46 2 4.141855205 10.9044380421 9.0424294244
46 2 4.142135275 10.9056116449 9.0413997671
46 2 4.1420652575 10.906945846 9.0404125699
46 2 4.140894965 10.9092312831 9.0403488797
46 2 4.1386444025 10.9119367465 9.040019814
46 2 4.1349434775 10.915198127 9.0394359877
46 2 4.1266614075 10.9179900663 9.0473441806
 
47 2 1.057524315 7.8217046042 7.1575620729
47 2 1.05942479 7.8248795087 7.1592286316
47 2 1.06002494 7.8282891338 7.1546747863
47 2 1.06018498 7.8305992783 7.1507366124
47 2 1.05974487 7.832860008 7.1477750207
47 2 1.05890466 7.8345277594 7.1443251379
47 2 1.05758433 7.8352689822 7.1406311096
47 2 1.05366335 7.8357137159 7.1414909265
 
48 2 1.0046010875 7.8256948539 1.8861729995
48 2 1.017194235 7.8580986457 1.8816085392
48 2 1.0258263925 7.8851162182 1.870887365
48 2 1.0311277175 7.9009289721 1.8637752989
48 2 1.0338083875 7.908192956 1.8588923879
48 2 1.0355488225 7.9127144153 1.8538927116
48 2 1.0364490475 7.9154692935 1.8486276596
48 2 1.036158975 7.9070069994 1.8452096219
 
49 3 1.5693822475 7.8177267083 8.6274669062
49 3 1.5719828975 7.8193079837 8.6281144227
49 3 1.574493525 7.82145753 8.6221700093
49 3 1.576534035 7.8228534996 8.617180948
49 3 1.5772842225 7.8242371156 8.6136142999
49 3 1.5771942 7.8255219019 8.6098671964
49 3 1.576253965 7.8270908235 8.606130708
49 3 1.5727830975 7.8314640383 8.6071179052
 
50 3 4.0579842425 9.6338709109 4.4692966298
50 3 4.059834705 9.6377746845 4.4816631328
50 3 4.0582443075 9.6445321661 4.4839029029
50 3 4.055193545 9.6512402328 4.4852403959
50 3 4.0539432325 9.654859871 4.4862700532
50 3 4.0554136 9.6550204693 4.4863655884
50 3 4.0582143 9.6529326916 4.4853677762
50 3 4.063835705 9.6366257891 4.4864292786
 
51 3 3.6199547625 9.6323390504 9.7670640378
51 3 3.6186544375 9.6330679195 9.7760443481
51 3 3.61806429 9.635637492 9.7760868082
51 3 3.6175941725 9.6377376234 9.7754605218
51 3 3.6171540625 9.6394918508 9.7744520945
51 3 3.616323855 9.6412460782 9.7730402963
51 3 3.6147134525 9.6434450393 9.771554193
51 3 3.610802475 9.6439886027 9.7780718177
 
52 3 4.06173518 12.193807526 4.483977208
52 3 4.0631055225 12.1993914047 4.4916518704
52 3 4.0625053725 12.2075325022 4.4895607107
52 3 4.0602248025 12.2155871238 4.4859940626
52 3 4.0588044475 12.21989857 4.4833403066
52 3 4.0591445325 12.2195032511 4.4824380296
52 3 4.0601847925 12.2164271763 4.4816737478
52 3 4.063835705 12.1993543436 4.4864292786
 
53 3 4.0254361075 10.9236233599 2.275606385
53 3 4.0304373575 10.9227956611 2.2880153481
53 3 4.0331980475 10.9255999542 2.289756212
53 3 4.0350785175 10.9277989153 2.2899472824
53 3 4.0371590375 10.9288613347 2.2899260524
53 3 4.0390095 10.9296272649 2.2894696064
53 3 4.0411200275 10.9293184221 2.2880153481
53 3 4.046791445 10.9179900663 2.2899260524
 
54 3 1.532403005 6.5532870193 1.1585980245
54 3 1.57151278 6.6297935701 1.1210845297
54 3 1.6007700925 6.6937858086 1.0832313541
54 3 1.61776434 6.7314152215 1.0597817046
54 3 1.625906375 6.7482409799 1.0479236613
54 3 1.631027655 6.756962702 1.0401110036
54 3 1.63460855 6.762534227 1.032983015
54 3 1.6356988225 6.7573333134 1.0262212447
 
55 3 4.4992945425 7.8292774309 7.1436033163
55 3 4.50168514 7.8287709287 7.1546323262
55 3 4.5019252 7.83043868 7.1557469038
55 3 4.501505095 7.8316369903 7.1553647629
55 3 4.500984965 7.8332800343 7.1544094107
55 3 4.500664885 7.8345648205 7.1534859036
55 3 4.500024725 7.8348613097 7.1527322369
55 3 4.4978141725 7.8326623486 7.1585705001
 
56 3 3.6332780925 12.1775253309 9.7738788832
56 3 3.637489145 12.1784518595 9.7784539586
56 3 3.6389795175 12.1813055674 9.7760337331
56 3 3.639329605 12.1835786508 9.7743777893
56 3 3.637449135 12.1856046599 9.7745688598
56 3 3.6334581375 12.1878530358 9.7739744184
56 3 3.62646639 12.1909414643 9.7719575639
56 3 3.610802475 12.19199153 9.7780718177
 
57 3 1.579454765 6.5565854609 6.4160920314
57 3 1.5813052275 6.5625893659 6.4126739937
57 3 1.58075509 6.5679632315 6.4038635238
57 3 1.5795847975 6.5717311143 6.3966983826
57 3 1.57751428 6.5748689577 6.3912953354
57 3 1.5750636675 6.5767837833 6.3861470487
57 3 1.572332985 6.5768084908 6.3823574852
57 3 1.5663214825 6.5742265645 6.3871873211
 
58 3 3.6229755175 10.9090089163 7.5684696519
58 3 3.62430585 10.907637654 7.5752844973
58 3 3.62474596 10.9093795277 7.574244225
58 3 3.6249560125 10.9115414276 7.5731296474
58 3 3.624405875 10.9147039784 7.5726732014
58 3 3.622965515 10.9173970881 7.5718452295
58 3 3.6205749175 10.919558988 7.5705395816
58 3 3.616043785 10.9179900663 7.576919211
 
59 3 1.96997237 10.9120479299 3.7980343572
59 3 1.9724829975 10.9196578177 3.8124070996
59 3 1.9725430125 10.9318138723 3.8142434988
59 3 1.9713627175 10.9438834509 3.8127680105
59 3 1.971272695 10.9491831942 3.8111863719
59 3 1.97273306 10.9463665474 3.809891339
59 3 1.9750636425 10.9391149173 3.8075984938
59 3 1.9805850225 10.9179900663 3.8084052356
 
60 3 1.498594555 7.8312046103 3.3660134954
60 3 1.5113277375 7.8473879757 3.3639754108
60 3 1.52001991 7.8612611965 3.3549314103
60 3 1.52650153 7.8699582111 3.3482227152
60 3 1.52978235 7.8738249236 3.3436582548
60 3 1.5319929025 7.8758756401 3.3388071889
60 3 1.533643315 7.8759621161 3.3334041416
60 3 1.53546377 7.8596552137 3.3293279724
 
61 3 0.6849161862 10.8790140987 9.0380878796
61 3 0.684102983 10.8795823695 9.0345000015
61 3 0.6836058588 10.8820778198 9.0297763158
61 3 0.6836238632 10.8849438814 9.028088527
61 3 0.6844290645 10.8889835459 9.0269208744
61 3 0.6856143608 10.895110988 9.0249464799
61 3 0.6871987568 10.9047098238 9.022781015
61 3 0.6889611973 10.9179900663 9.0287997336
 
62 3 1.573453265 9.1006969684 6.4291166659
62 3 1.57363331 9.1050825368 6.4316961167
62 3 1.57263306 9.1096657647 6.4276517926
62 3 1.57167282 9.1131989269 6.4244672854
62 3 1.5711226825 9.1162132332 6.4223548956
62 3 1.5707225825 9.1182886571 6.4197966748
62 3 1.5702224575 9.1190175262 6.4165697075
62 3 1.5683819975 9.1173250674 6.4151366793
 
63 3 1.53326322 9.1099869613 1.1669520484
63 3 1.5176693225 9.1702236708 1.1883307068
63 3 1.5073267375 9.2150676526 1.1963238198
63 3 1.502115435 9.240318644 1.1997524726
63 3 1.50121521 9.2512516809 1.2000709233
63 3 1.5011651975 9.257465599 1.1980859138
63 3 1.5004650225 9.2616535081 1.195071247
63 3 1.4986045575 9.2562425814 1.1966847306
 
64 3 4.453333055 7.8405316644 1.8490947207
64 3 4.4632255275 7.837912677 1.852311073
64 3 4.468936955 7.838690961 1.8510691152
64 3 4.47199772 7.8395186598 1.8505914391
64 3 4.4714275775 7.8419523415 1.8513026457
64 3 4.4694670875 7.8462637877 1.8522367678
64 3 4.4675065975 7.849661059 1.8521093875
64 3 4.464615875 7.8401734067 1.8569604535
 
65 1 6.1121176475 3.2172530296 4.520673346
65 1 6.1043757125 3.2055911236 4.530396708
65 1 6.094103145 3.1997354631 4.5318509663
65 1 6.0822701875 3.1937562656 4.5325409428
65 1 6.06983708 3.1858869497 4.536574652
65 1 6.0624252275 3.1806242676 4.5405128259
65 1 6.059014375 3.1774370094 4.5417866287
65 1 6.062175165 3.1613771812 4.5543548172
 
66 1 6.05651375 0.1396957979 4.5362137411
66 1 6.053452985 0.1380638723 4.5420944644
66 1 6.0510823925 0.1387235606 4.5412028024
66 1 6.048851835 0.1390756415 4.5400351498
66 1 6.0472614375 0.1384283069 4.5394300934
66 1 6.046371215 0.1370446909 4.5389418023
66 1 6.046811325 0.1363269401 4.5370629431
66 1 6.0514024725 0.1277361674 4.5398440793
 
67 1 8.62659611 1.6845030262 3.6535001904
67 1 8.6167836575 1.6749783127 3.6544449275
67 1 8.6036003625 1.6682455386 3.6490524953
67 1 8.588646625 1.6597708908 3.6401783352
67 1 8.5703720575 1.6522351252 3.6252748416
67 1 8.5513873125 1.6492702339 3.6083651083
67 1 8.546836175 1.6548664663 3.5938331405
67 1 8.5658909375 1.6672695952 3.598493136
 
68 1 6.5886167425 4.7299282478 7.2996972442
68 1 6.5916475 4.727371029 7.3012151927
68 1 6.5938380475 4.726938649 7.2979457653
68 1 6.596588735 4.7263580244 7.2944321923
68 1 6.599709515 4.727371029 7.2882860934
68 1 6.601349925 4.7304718112 7.2811315672
68 1 6.6016600025 4.7348079648 7.2738708908
68 1 6.5980390975 4.7411330663 7.2685209187
 
69 1 8.62851659 1.6420556649 8.9076929248
69 1 8.629696885 1.6381765987 8.9106757466
69 1 8.63019701 1.6388807604 8.9070347933
69 1 8.63071714 1.6404867432 8.9037122908
69 1 8.6307271425 1.6433404511 8.8994875113
69 1 8.6286666275 1.6462065128 8.8951035064
69 1 8.6237453975 1.649566723 8.8906027362
69 1 8.611892435 1.655051772 8.890953032
 
70 1 8.6480314675 3.1899883828 6.3551193336
70 1 8.653942945 3.1859857795 6.3616051132
70 1 8.661304785 3.1877647143 6.3560322256
70 1 8.669666875 3.1907790205 6.3457144223
70 1 8.670227015 3.1936327284 6.3362458209
70 1 8.654703135 3.1941392307 6.3347384875
70 1 8.6297468975 3.1942257067 6.3339423607
70 1 8.5919774575 3.1901242736 6.3437400279
 
71 1 8.56722127 0.0868965184 1.1088666371
71 1 8.5479664575 0.0709861702 1.1067117872
71 1 8.5331827625 0.062954403 1.1002047775
71 1 8.5213398025 0.0569853355 1.0949184956
71 1 8.522590115 0.0588301156 1.0914473827
71 1 8.5310622325 0.0652335397 1.0894517582
71 1 8.5419849625 0.0737626674 1.0888785469
71 1 8.5631702575 0.0854522457 1.0976890168
 
72 1 6.0598245775 4.7543268329 1.9550963504
72 1 6.0563837175 4.7538326843 1.9639598954
72 1 6.0592044225 4.7548580426 1.96599798
72 1 6.0654459825 4.7533632432 1.9702546046
72 1 6.0756485325 4.7515843084 1.9798081262
72 1 6.09136246 4.7517696141 1.9896907136
72 1 6.10772655 4.7517078455 2.0002845075
72 1 6.131152405 4.7411330663 2.033679373
 
73 1 8.574483085 3.1967458644 1.117231276
73 1 8.558759155 3.1833544384 1.1071470032
73 1 8.562039975 3.1878511903 1.0935173124
73 1 8.579004215 3.1985989215 1.083178279
73 1 8.5977589025 3.2119903474 1.0769366449
73 1 8.6134828325 3.2220586243 1.076119288
73 1 8.626216015 3.2282478351 1.0776266215
73 1 8.63703872 3.2286925688 1.0861292557
 
74 1 6.606591235 3.1888271337 9.8256695853
74 1 6.606271155 3.1871223211 9.8243002472
74 1 6.6072614025 3.1880735571 9.8206274489
74 1 6.6089818325 3.1891236228 9.8192050357
74 1 6.609351925 3.1915820119 9.8184195239
74 1 6.60897183 3.1947692701 9.8180904582
74 1 6.607711515 3.1984630306 9.8182602986
74 1 6.6019600775 3.2029721362 9.8262746417
 
75 1 6.59168751 0.0988053752 9.8287585573
75 1 6.5880966125 0.0961002824 9.8299155949
75 1 6.585906065 0.0977954591 9.8261366464
75 1 6.584305665 0.1002099925 9.8232812049
75 1 6.58492582 0.1024230368 9.822877834
75 1 6.586226145 0.1038432198 9.8239711815
75 1 6.587906565 0.1050292998 9.8260092661
75 1 6.59304785 0.1038244421 9.8386199146
 
76 1 8.5965486 0.1238373353 6.3754789496
76 1 8.593487835 0.1223918272 6.3817311988
76 1 8.5921174925 0.1227815869 6.380935072
76 1 8.591327295 0.1224224644 6.3795763489
76 1 8.5901570025 0.1213721516 6.3769438229
76 1 8.5872562775 0.1202368453 6.373016264
76 1 8.5821149925 0.1184512395 6.3673372262
76 1 8.5740929875 0.1142396113 6.3643225594
 
77 2 8.478739155 4.7400953544 3.7357453963
77 2 8.4681265025 4.7329302003 3.7477509885
77 2 8.464175515 4.7366733756 3.74843035
77 2 8.4686666375 4.7438632371 3.7420719506
77 2 8.466256035 4.7542032958 3.7307881801
77 2 8.4581840175 4.758255314 3.7207251374
77 2 8.4605446075 4.7549321649 3.7176467804
77 2 8.4752282775 4.7411330663 3.7393226594
 
78 2 9.14012446 4.7381928824 9.041771293
78 2 9.14408545 4.7358209693 9.0397756684
78 2 9.1455958275 4.7368339739 9.0323133066
78 2 9.1463960275 4.7379705156 9.0246386442
78 2 9.14676612 4.7394035464 9.0163589255
78 2 9.146986175 4.7405771492 9.0092680895
78 2 9.1466360875 4.7412442498 9.0030370704
78 2 9.14312521 4.7411330663 9.0020817182
 
79 2 6.060894845 1.654705868 7.1695358199
79 2 6.0629053475 1.6520374658 7.1738349047
79 2 6.06531595 1.6525686755 7.1702257965
79 2 6.0684667375 1.6530381166 7.1658417916
79 2 6.0707173 1.6525439681 7.1627315896
79 2 6.06939697 1.6514074264 7.1619248477
79 2 6.0652459325 1.649999103 7.1620946881
79 2 6.055853585 1.6425992283 7.1737712145
 
80 2 6.019724555 1.648961391 1.8820437552
80 2 6.0127728175 1.6456753031 1.8846762812
80 2 6.0100521375 1.6481954607 1.8821817505
80 2 6.0088918475 1.6510244612 1.8802498161
80 2 6.0099021 1.6519139287 1.8783603419
80 2 6.01066229 1.6510738761 1.8752076797
80 2 6.012282695 1.6499496881 1.8720444026
80 2 6.0218950975 1.6419691889 1.8786151024
 
81 3 6.5772539025 1.6418580055 8.6387825218
81 3 6.5797545275 1.6388436992 8.6426676206
81 3 6.58148496 1.6399184724 8.6390585124
81 3 6.5832153925 1.6414132718 8.6348125028
81 3 6.5836154925 1.6422903854 8.6318827562
81 3 6.5816750075 1.6424880449 8.6308318688
81 3 6.57740394 1.642784534 8.6305983383
81 3 6.5680416 1.6389672364 8.6416910384
 
82 3 8.8569836925 3.4472544768 4.4762919307
82 3 8.868716625 3.4421276855 4.4809731562
82 3 8.9000944675 3.4460314592 4.4684261979
82 3 8.954057955 3.453727823 4.4461028024
82 3 9.0042204925 3.4649326416 4.4221234632
82 3 9.010832145 3.4674898604 4.4152343126
82 3 9.0162835075 3.4653279604 4.4162321249
82 3 9.04438053 3.4613006497 4.4422601637
 
83 3 8.6246656275 3.4651179473 9.7770952355
83 3 8.6273563 3.4623383616 9.7752269913
83 3 8.6283665525 3.4624742525 9.7665863617
83 3 8.6285065875 3.463054877 9.7571389904
83 3 8.6281865075 3.4647596896 9.7479039195
83 3 8.6289066875 3.4662297815 9.7408555436
83 3 8.62951684 3.4672304324 9.7351658907
83 3 8.626256025 3.4682434369 9.7365458438
 
84 3 9.0323475225 6.0147268575 4.4620890285
84 3 9.025635845 6.0124414204 4.4606666153
84 3 9.01833402 6.0183712031 4.4581720847
84 3 9.0133027625 6.0264875932 4.456080925
84 3 9.011672355 6.0327509262 4.450784028
84 3 9.0173437725 6.0302060611 4.4432155159
84 3 9.0274863075 6.0259440298 4.4376001682
84 3 9.04438053 6.0209531293 4.4422601637
 
85 3 9.028196485 4.730261798 2.2688870748
85 3 9.014633095 4.7057643832 2.2783981363
85 3 9.00973187 4.6996492947 2.2806803665
85 3 9.006070955 4.7002669804 2.2780584556
85 3 8.9591692325 4.7151408521 2.2619130041
85 3 8.887441305 4.7339555585 2.2408103364
85 3 8.8378189025 4.7455680497 2.2275946315
85 3 8.80127977 4.7411330663 2.2373392235
 
86 3 6.5428653075 0.3652597911 1.1593198462
86 3 6.5325827375 0.3609829353 1.1613367007
86 3 6.52547096 0.3612905428 1.1593198462
86 3 6.51930942 0.3612201266 1.1584600292
86 3 6.520689765 0.3608816349 1.1590863156
86 3 6.5253409275 0.3597302687 1.1596382969
86 3 6.5307822875 0.3586332589 1.1595003016
86 3 6.5457460275 0.3526701212 1.1673341893
 
87 3 9.5082664725 1.6452305694 7.1649819746
87 3 9.51025697 1.6409191232 7.1705017871
87 3 9.5109071325 1.6408697083 7.1672854348
87 3 9.5111471925 1.6411538438 7.1626891295
87 3 9.5102069575 1.6417344683 7.1552798427
87 3 9.5074662725 1.642611582 7.1472336545
87 3 9.5025850525 1.643908722 7.1382214991
87 3 9.4963034825 1.6438963683 7.1361303394
 
88 3 8.618574105 6.0117866735 9.7738894982
88 3 8.625255775 6.0083276336 9.7752163762
88 3 8.627016215 6.0078581925 9.7701742398
88 3 8.62719626 6.0078334851 9.764049371
88 3 8.62675615 6.009390053 9.7550690607
88 3 8.6268661775 6.0113419398 9.7461949006
88 3 8.627576355 6.0127996781 9.7387325388
88 3 8.626256025 6.0140103421 9.7365458438
 
89 3 6.5801146175 0.3808674734 6.4304541589
89 3 6.5784542025 0.3768611639 6.4350398493
89 3 6.577744025 0.3755146091 6.4327788492
89 3 6.5775339725 0.3736553751 6.4302524735
89 3 6.577503965 0.3716787809 6.4283311541
89 3 6.57616363 0.3708090794 6.4273439569
89 3 6.573062855 0.3705274147 6.4270891963
89 3 6.5673714325 0.3669139534 6.4355918305
 
90 3 8.6190842325 4.7404906732 7.5769616711
90 3 8.6193242925 4.7389958738 7.5761124692
90 3 8.61907423 4.7401941841 7.5688730228
90 3 8.6199844575 4.7414172018 7.560540229
90 3 8.621894935 4.7422943155 7.550806252
90 3 8.62307523 4.7426772806 7.5427069887
90 3 8.6226051125 4.7427514029 7.5361787489
90 3 8.6183240425 4.7411330663 7.5354569273
 
91 3 6.9180990925 4.826114265 3.7016817843
91 3 6.9099970675 4.8136987824 3.720130696
91 3 6.907786515 4.8026298546 3.7337816169
91 3 6.9128377775 4.7861252927 3.7522305286
91 3 6.9117775125 4.7696701457 3.7872070327
91 3 6.90488579 4.7629744327 3.8220773865
91 3 6.90644618 4.757822934 3.8491350827
91 3 6.92016961 4.7411330663 3.8990787706
 
92 3 6.5293619325 1.6473059933 3.353455922
92 3 6.5280616075 1.6443905168 3.3544006591
92 3 6.5272414025 1.6454158751 3.3520759689
92 3 6.5272213975 1.6461694516 3.3510356965
92 3 6.5279415775 1.6470712728 3.3509613913
92 3 6.5249408275 1.6474171768 3.3504306401
92 3 6.5225202225 1.6478001419 3.3493797528
92 3 6.53107236 1.6422780317 3.3566191991
 
93 3 5.70250527 4.7386376161 9.0656232519
93 3 5.7063562325 4.7342891088 9.0654003364
93 3 5.7081566825 4.732077794 9.0606554207
93 3 5.7094169975 4.7304965186 9.0555283641
93 3 5.71214768 4.7326337111 9.0461659129
93 3 5.7138781125 4.7357839082 9.0355084288
93 3 5.7133579825 4.7387487995 9.0242352733
93 3 5.709807095 4.7411330663 9.0147242118
 
94 3 6.5817550275 2.9283243666 6.4447101361
94 3 6.587946575 2.9229257935 6.447310817
94 3 6.5949783325 2.9203068062 6.4405065866
94 3 6.6035404725 2.917119548 6.4318659571
94 3 6.6107022625 2.9135246172 6.4254438676
94 3 6.6100821075 2.9116468527 6.4239577642
94 3 6.6036605025 2.9111897652 6.4247114309
94 3 6.5892469 2.9067918431 6.4387975678
 
95 3 6.5543881875 2.9216780684 1.1521122449
95 3 6.54715638 2.9174901594 1.1522927003
95 3 6.5486267475 2.9176260502 1.1495646391
95 3 6.552377685 2.9174283908 1.1479830005
95 3 6.5541681325 2.9167859977 1.146847193
95 3 6.5549283225 2.9148835257 1.1449046436
95 3 6.555938575 2.9133022503 1.1425481082
95 3 6.5595294725 2.907570127 1.1492674184
 
96 3 9.4717973575 1.6336551394 1.8547843736
96 3 9.4662359675 1.6134815244 1.8451671618
96 3 9.460984655 1.6014613607 1.8307625743
96 3 9.4538328675 1.5912819003 1.8147975782
96 3 9.45504317 1.5967669494 1.805870343
96 3 9.46100466 1.6079347068 1.8088425497
96 3 9.46544577 1.618336534 1.8146489678
96 3 9.4756983325 1.6314314708 1.836388537
 
97 1 6.051292445 9.3715150867 4.5313839052
97 1 6.050172165 9.3675742519 4.540565901
97 1 6.0483016975 9.3673271776 4.5413407977
97 1 6.0462411825 9.3669689199 4.5417229386
97 1 6.0451809175 9.3667959679 4.5416061733
97 1 6.045651035 9.3664377102 4.5407463564
97 1 6.0471214025 9.3652517537 4.5390267225
97 1 6.0514024725 9.3545287299 4.5398440793
 
98 1 6.0550833925 6.3295983199 4.518444191
98 1 6.06155501 6.3316613901 4.5292609004
98 1 6.0666662875 6.3341568404 4.5320844968
98 1 6.07047724 6.332229661 4.5335387551
98 1 6.0699471075 6.3321678924 4.5370629431
98 1 6.0683267025 6.3348115872 4.540587131
98 1 6.0661261525 6.3337244604 4.5419352391
98 1 6.062175165 6.3208889515 4.5543548172
 
99 1 8.5501269975 7.81843087 3.6292554756
99 1 8.5540879875 7.8230017442 3.6259860482
99 1 8.55677866 7.8292897846 3.6187678318
99 1 8.558319045 7.8337494754 3.6135664701
99 1 8.559199265 7.837047917 3.6083544933
99 1 8.560639625 7.8360843273 3.6030363663
99 1 8.562440075 7.8314022697 3.5987691266
99 1 8.5658909375 7.8149965375 3.598493136
 
100 1 6.5894169425 10.922153268 7.2905683236
100 1 6.5878765575 10.9182989092 7.2953344694
100 1 6.5873964375 10.9176935772 7.2944534224
100 1 6.58736643 10.9171005989 7.2941880468
100 1 6.587066355 10.9171870749 7.2950690938
100 1 6.5862161425 10.9177676995 7.2961518262
100 1 6.5846357475 10.9183359703 7.2975211643
100 1 6.57988456 10.9179900663 7.3094206062
 
101 1 8.608491585 7.8140576553 8.8946576753
101 1 8.6129527 7.811735157 8.8985640042
101 1 8.6142030125 7.8124393187 8.8970779008
101 1 8.614533095 7.8130570044 8.8955387223
101 1 8.6143630525 7.8151818433 8.8932246471
101 1 8.6141429975 7.8178131843 8.8903479756
101 1 8.613972955 7.8208151368 8.8876729896
101 1 8.611892435 7.827202007 8.890953032
 
102 1 8.5805345975 9.3596184601 6.3658617379
102 1 8.58002447 9.3587413464 6.369906062
102 1 8.579684385 9.3598284732 6.3682076582
102 1 8.579404315 9.3604090978 6.3669020102
102 1 8.5788341725 9.3617185915 6.3658405078
102 1 8.57794395 9.3633492817 6.3644923998
102 1 8.5768336725 9.3649058497 6.3626772307
102 1 8.5740929875 9.3680189856 6.3643225594
 
103 1 8.5687116425 6.2569955427 1.1118919189
103 1 8.6093618025 6.2480391001 1.1151082712
103 1 8.6396293675 6.243678239 1.1113080926
103 1 8.661864925 6.2396138671 1.1070833131
103 1 8.6665661 6.2447777196 1.0978800872
103 1 8.6598544225 6.2545124462 1.0879974999
103 1 8.65116225 6.2606893032 1.0819787813
103 1 8.63703872 6.2535735639 1.0861292557
 
104 1 6.0511023975 10.9349887768 2.0019510663
104 1 6.0516225275 10.9259458582 2.010655386
104 1 6.05115241 10.9226844777 2.0112816724
104 1 6.050372215 10.9204484554 2.011122447
104 1 6.050572265 10.9203990406 2.0098698742
104 1 6.05135246 10.9217703028 2.0080547051
104 1 6.0528428325 10.9236480674 2.0056981698
104 1 6.05843423 10.9179900663 2.0056026346
 
105 1 8.5525075925 9.3927387673 1.1065313318
105 1 8.5599094425 9.3917381165 1.1083252709
105 1 8.5628901875 9.3932082085 1.104832928
105 1 8.56410049 9.3932452696 1.1019774865
105 1 8.5636903875 9.3948141913 1.0993237305
105 1 8.5629402 9.3976308381 1.0968291999
105 1 8.5626301225 9.4002498255 1.0948123453
105 1 8.5631702575 9.3968031392 1.0976890168
 
106 1 6.59580854 9.3673889462 9.8231750547
106 1 6.59944945 9.3638310766 9.8305312663
106 1 6.599949575 9.3637322469 9.8309452522
106 1 6.5998395475 9.3637569543 9.8311363227
106 1 6.5990593525 9.3655976577 9.8314760034
106 1 6.5980791075 9.368821977 9.8316139988
106 1 6.596908815 9.3728245804 9.8314123133
106 1 6.59304785 9.3784331665 9.8386199146
 
107 1 6.601309915 6.2847419844 9.8247460782
107 1 6.6072413975 6.2798622673 9.8345543604
107 1 6.6090418475 6.2786886645 9.8363376844
107 1 6.6097220175 6.2775150617 9.8372081164
107 1 6.6092519 6.27767566 9.8353080271
107 1 6.608031595 6.2785651274 9.8315609236
107 1 6.606471205 6.2794298873 9.8273361441
107 1 6.6019600775 6.2792816428 9.8262746417
 
108 1 8.587166255 6.2728330041 6.3595245685
108 1 8.5889567025 6.2744142795 6.3642694843
108 1 8.5886766325 6.2790963371 6.3644817848
108 1 8.588166505 6.2837536872 6.3633247471
108 1 8.5879564525 6.2882380854 6.3599703996
108 1 8.588726645 6.2902640945 6.35352708
108 1 8.58966688 6.2912276842 6.3457038073
108 1 8.5919774575 6.292141859 6.3437400279
 
109 2 8.532632625 10.9191019006 3.752432214
109 2 8.5270012175 10.9182371406 3.7602873318
109 2 8.52357036 10.9201272589 3.7601493365
109 2 8.52100972 10.9213008617 3.7592682895
109 2 8.5191792625 10.9228944908 3.7575486556
109 2 8.517828925 10.9241545696 3.7553725757
109 2 8.5168386775 10.9248093165 3.7527718948
109 2 8.5173588075 10.9179900663 3.7526551296
 
110 2 9.12944179 10.8956669051 9.0331837385
110 2 9.129141715 10.8940609223 9.0335871095
110 2 9.12892166 10.8952592326 9.0301372267
110 2 9.1289716725 10.8964204817 9.0279080716
110 2 9.129821885 10.8989900542 9.0262415128
110 2 9.131022185 10.9028814741 9.0243201935
110 2 9.1323925275 10.9081935711 9.0222714939
110 2 9.13400293 10.9179900663 9.026740419
 
111 2 6.05735396 7.8267325658 7.1570207066
111 2 6.059614525 7.824867155 7.166489308
111 2 6.05971455 7.825731915 7.1676357306
111 2 6.059214425 7.8264854916 7.1678374161
111 2 6.05867429 7.8288697584 7.1679754114
111 2 6.0584242275 7.8320940777 7.1680178715
111 2 6.0579241025 7.8351454451 7.1676357306
111 2 6.055853585 7.8396545507 7.1737712145
 
112 2 6.0119726175 7.852514767 1.8731908252
112 2 6.02162503 7.8478821242 1.8793687692
112 2 6.0269363575 7.8471038402 1.8792095438
112 2 6.029727055 7.8461773117 1.8792413889
112 2 6.0289368575 7.8467579362 1.8787743278
112 2 6.02686634 7.8494757533 1.8771502291
112 2 6.02482583 7.851477055 1.8750166093
112 2 6.0218950975 7.8402845901 1.8786151024
 
113 3 6.569341925 7.8259789893 8.6257366573
113 3 6.573582985 7.8229893905 8.6342923667
113 3 6.5742131425 7.8237306133 8.6351309536
113 3 6.57368301 7.824694203 8.6352795639
113 3 6.5725727325 7.8280049984 8.6354387893
113 3 6.57156248 7.8323658594 8.6355449395
113 3 6.57072227 7.8365043536 8.6352264888
113 3 6.5680416 7.8432988963 8.6416910384
 
114 3 9.047441295 9.6310666178 4.4729800432
114 3 9.048281505 9.6313013384 4.4776612688
114 3 9.049201735 9.6344762429 4.4759204048
114 3 9.05002194 9.6373546583 4.474678447
114 3 9.05122224 9.6410607725 4.4737655549
114 3 9.05218248 9.6439144804 4.472459907
114 3 9.052322515 9.6451992666 4.4704536675
114 3 9.0524125375 9.6369716931 4.468903874
 
115 3 8.6102020125 9.6218260398 9.764038756
115 3 8.613292785 9.6197629695 9.7656416246
115 3 8.6137629025 9.6211836466 9.7626375728
115 3 8.613972955 9.6224684329 9.760493338
115 3 8.614153 9.6253962631 9.7589966196
115 3 8.6149832075 9.6294976961 9.7572345256
115 3 8.6168036625 9.6347850857 9.7554830466
115 3 8.61667363 9.6458045986 9.7609922441
 
116 3 9.0646555975 12.1907932198 4.4799116538
116 3 9.059884405 12.1907314512 4.4864611236
116 3 9.05714372 12.193894002 4.4846990297
116 3 9.055123215 12.1968712471 4.4815569826
116 3 9.05378288 12.201367999 4.4761645504
116 3 9.0526626 12.2052347114 4.4708994985
116 3 9.051882405 12.207026 4.4668657893
116 3 9.0524125375 12.1989960859 4.468903874
 
117 3 9.0355883325 10.9113067071 2.2741733568
117 3 9.0235253175 10.9129250436 2.2810094322
117 3 9.0160434475 10.9167670487 2.2802239205
117 3 9.010712115 10.9186324595 2.2788651974
117 3 9.00657108 10.9200654903 2.2769651081
117 3 9.00357033 10.9213255691 2.2748527183
117 3 9.001749875 10.9221038531 2.2724006478
117 3 9.0028401475 10.9179900663 2.2726660234
 
118 3 6.5521476275 6.5853819683 1.1428240989
118 3 6.5674314475 6.579217465 1.155689508
118 3 6.576543725 6.5778585564 1.1595109166
118 3 6.5812749075 6.5766973073 1.161909912
118 3 6.57856423 6.5777226656 1.1605299589
118 3 6.5724727075 6.5822564786 1.154808461
118 3 6.566861305 6.585999654 1.1484076015
118 3 6.5595294725 6.5746836519 1.1492674184
 
119 3 9.5004845275 7.8223222899 7.1452804901
119 3 9.50209493 7.8234094168 7.1468939737
119 3 9.5024650225 7.8263496007 7.1443251379
119 3 9.502515035 7.8288821121 7.1424993538
119 3 9.502074925 7.8317111126 7.140376349
119 3 9.50129473 7.8338235977 7.1372024568
119 3 9.500074425 7.8353060434 7.1339330294
119 3 9.4963034825 7.8383697644 7.1361303394
 
120 3 8.6133628025 12.1648010055 9.7717240333
120 3 8.611292285 12.1618114067 9.7736878128
120 3 8.610131995 12.1626267518 9.7707368361
120 3 8.6089216925 12.163528573 9.7682741505
120 3 8.6095618525 12.166592294 9.7657053147
120 3 8.6109021875 12.1712990591 9.7626375728
120 3 8.6122825325 12.1776488681 9.7589753895
120 3 8.61667363 12.1901755341 9.7609922441
 
121 3 6.5809148175 6.5559183604 6.4230979473
121 3 6.58328541 6.5549053558 6.4312715158
121 3 6.5838755575 6.5560542512 6.4325134736
121 3 6.58380554 6.5570301946 6.4328637694
121 3 6.5844557025 6.5600568546 6.4332565252
121 3 6.5860561025 6.5643188859 6.4335219008
121 3 6.58708636 6.5685191487 6.4328849994
121 3 6.5892469 6.5754619359 6.4387975678
 
122 3 8.61263262 10.9047468849 7.5655717504
122 3 8.609211765 10.9035115135 7.5673338443
122 3 8.608091485 10.9049074832 7.5643085625
122 3 8.6085015875 10.9058834266 7.5620157173
122 3 8.6094618275 10.9075264706 7.5602323933
122 3 8.6102620275 10.9099848597 7.5583110739
122 3 8.61079216 10.9128509213 7.5564109846
122 3 8.611332295 10.9179900663 7.5611346703
 
123 3 6.973803015 10.9257852599 3.7803072671
123 3 6.9686917375 10.9235121765 3.7931726762
123 3 6.965680985 10.9245498885 3.7962616481
123 3 6.9634504275 10.9252046353 3.7978857468
123 3 6.9620300725 10.9259458582 3.7990109394
123 3 6.961079835 10.9265758976 3.7995947657
123 3 6.9603496525 10.926514129 3.7991064746
123 3 6.961039825 10.9179900663 3.8001042868
 
124 3 6.52255023 7.8618047599 3.3470019874
124 3 6.5278415525 7.8601370085 3.3554515465
124 3 6.5311023675 7.8608535239 3.3566404292
124 3 6.5323026675 7.8602852531 3.3577656217
124 3 6.5321426275 7.8590128205 3.3576276264
124 3 6.5325427275 7.8583827811 3.3556426169
124 3 6.5324427025 7.8563938332 3.3532223915
124 3 6.53107236 7.8399757472 3.3566191991
 
125 3 5.6998746125 10.9014731507 9.0412086967
125 3 5.7008948675 10.896667556 9.0472380303
125 3 5.701124925 10.8970258137 9.0464419035
125 3 5.7010249 10.8981005868 9.0459642274
125 3 5.6999746375 10.9010037096 9.0462720631
125 3 5.6979141225 10.9048704221 9.0463782134
125 3 5.6944532575 10.909972506 9.0468134294
125 3 5.6866213 10.9179900663 9.0582882703
 
126 3 6.575343425 9.1007093221 6.4215163087
126 3 6.576623745 9.0984115313 6.429626187
126 3 6.5766337475 9.0989550947 6.4298491025
126 3 6.576263655 9.0996592564 6.4296368021
126 3 6.57556348 9.1020682306 6.4293183513
126 3 6.574503215 9.1055396243 6.4290317457
126 3 6.57272277 9.1091963236 6.4288512903
126 3 6.5673714325 9.1153484732 6.4355918305
 
127 3 6.527291415 9.1392158486 1.1545749304
127 3 6.53807411 9.1345832059 1.1609014847
127 3 6.5435854875 9.134360839 1.1610607101
127 3 6.5467862875 9.1339778739 1.1616126913
127 3 6.547416445 9.1348549876 1.1622602078
127 3 6.546776285 9.1381040144 1.162334513
127 3 6.5460861125 9.1406735869 1.1619842172
127 3 6.5457460275 9.1295923054 1.1673341893
 
