 --------------------------------------------------------------
 g2_a_a           10  : eta2_a_a, rs2_a_a %
 --------------------------------------------------------------
     0.90000000     0.00000000     0.99160781
     0.09000000     0.00000000     0.99827611
     0.00009000     0.00000000     0.99953218
     0.00070000     0.00000000     0.99985638
     0.00010000     0.00000000     0.99999323
     0.00001000     0.00000000     0.99999902
     9.00000000     0.00000000     0.99999981
     0.00900000     0.00000000     0.99999996
     7.00000000     0.00000000     1.00000000
     0.00500000     0.00000000     1.00000000
  
 --------------------------------------------------------------
 g2_a_b           10  : eta2_a_b, rs2_a_b %
 --------------------------------------------------------------
     0.90000000     0.00000000     0.98910136
     9.00000000     0.00000000     0.99744583
     0.00090000     0.00000000     0.99923646
     0.70000000     0.00000000     0.99981453
     0.00030000     0.00000000     0.99997671
     0.03000000     0.00000000     0.99999555
     0.00900000     0.00000000     0.99999932
     0.09000000     0.00000000     0.99999988
     0.07000000     0.00000000     0.99999997
     0.00005000     0.00000000     0.99999998
  
 --------------------------------------------------------------
 g2_a_c           10  : eta2_a_c, rs2_a_c %
 --------------------------------------------------------------
     9.00000000     0.00000000     0.97560181
     0.00090000     0.00000000     0.99656118
     0.00900000     0.00000000     0.99940522
     0.00000700     0.00000000     0.99987620
     0.00010000     0.00000000     0.99997418
     0.30000000     0.00000000     0.99999531
     0.90000000     0.00000000     0.99999931
     0.09000000     0.00000000     0.99999987
     7.00000000     0.00000000     0.99999999
     0.01000000     0.00000000     1.00000000
  
 --------------------------------------------------------------
 g2_a_d           10  : eta2_a_d, rs2_a_d %
 --------------------------------------------------------------
     0.00009000     0.00000000     0.99447499
     9.00000000     0.00000000     0.99899888
     0.00090000     0.00000000     0.99968388
     5.00000000     0.00000000     0.99994526
     0.00000500     0.00000000     0.99999619
     0.30000000     0.00000000     0.99999946
     0.09000000     0.00000000     0.99999995
     0.00000900     0.00000000     0.99999999
     0.10000000     0.00000000     1.00000000
     0.00001000     0.00000000     1.00000000
  
 --------------------------------------------------------------
g5_a_aa   10 : eta5, theta5, zeta5, lambda5 %
 --------------------------------------------------------------
     0.00900000     0.00000000    16.00000000     1.00000000     0.98824320
     9.00000000     0.00000000    16.00000000     1.00000000     0.99456857
     0.90000000     0.00000000    16.00000000     1.00000000     0.99848275
     0.03000000     0.00000000    16.00000000     1.00000000     0.99911361
     0.90000000     0.00000000     4.00000000     1.00000000     0.99948597
     0.00010000     0.00000000     8.00000000     1.00000000     0.99964584
     0.90000000     0.00000000     8.00000000     1.00000000     0.99976980
     0.09000000     0.00000000    16.00000000     1.00000000     0.99984873
     0.00090000     0.00000000    16.00000000     1.00000000     0.99989492
     0.00090000     0.00000000     4.00000000     1.00000000     0.99993461
  
 --------------------------------------------------------------
g5_a_ab   10 : eta5, theta5, zeta5, lambda5 %
 --------------------------------------------------------------
     9.00000000     0.00000000    16.00000000     1.00000000     0.96898770
     0.90000000     0.00000000    16.00000000     1.00000000     0.99086407
     0.90000000     0.00000000    16.00000000    -1.00000000     0.99701165
     5.00000000     0.00000000     8.00000000     1.00000000     0.99817437
     0.00001000     0.00000000     8.00000000     1.00000000     0.99883632
     0.00090000     0.00000000    16.00000000    -1.00000000     0.99913066
     0.00009000     0.00000000    16.00000000     1.00000000     0.99941781
     0.09000000     0.00000000    16.00000000     1.00000000     0.99958776
     0.50000000     0.00000000    16.00000000    -1.00000000     0.99969804
     0.00500000     0.00000000    16.00000000     1.00000000     0.99976796
  
 --------------------------------------------------------------
g5_a_ac   20 : eta5, theta5, zeta5, lambda5 %
 --------------------------------------------------------------
     9.00000000     0.00000000    16.00000000     1.00000000     0.95161718
     0.90000000     0.00000000    16.00000000     1.00000000     0.98216146
     0.00900000     0.00000000    16.00000000     1.00000000     0.99521109
     0.00050000     0.00000000     2.00000000    -1.00000000     0.99699413
     0.00009000     0.00000000     4.00000000    -1.00000000     0.99837992
     0.00000100     0.00000000     4.00000000     1.00000000     0.99884944
     0.09000000     0.00000000    16.00000000    -1.00000000     0.99914886
     0.00090000     0.00000000    16.00000000     1.00000000     0.99939498
     0.00000900     0.00000000    16.00000000     1.00000000     0.99959276
     0.05000000     0.00000000     4.00000000    -1.00000000     0.99971762
     0.00500000     0.00000000     1.00000000    -1.00000000     0.99980672
     0.00900000     0.00000000    16.00000000    -1.00000000     0.99986435
     0.00900000     0.00000000     1.00000000     1.00000000     0.99990158
     0.70000000     0.00000000     1.00000000     1.00000000     0.99992933
     0.00050000     0.00000000     4.00000000    -1.00000000     0.99994926
     0.00090000     0.00000000     2.00000000     1.00000000     0.99996882
     0.00090000     0.00000000     8.00000000    -1.00000000     0.99997610
     0.00900000     0.00000000     2.00000000     1.00000000     0.99998056
     0.00010000     0.00000000     4.00000000     1.00000000     0.99998500
     0.00001000     0.00000000     1.00000000     1.00000000     0.99998904
  
 --------------------------------------------------------------
g5_a_ad   20 : eta5, theta5, zeta5, lambda5 %
 --------------------------------------------------------------
     0.00009000     0.00000000    16.00000000     1.00000000     0.96854487
     0.00000900     0.00000000    16.00000000     1.00000000     0.99352177
     0.09000000     0.00000000    16.00000000     1.00000000     0.99753559
     0.00030000     0.00000000    16.00000000     1.00000000     0.99881482
     0.00003000     0.00000000    16.00000000     1.00000000     0.99930258
     0.00100000     0.00000000     8.00000000     1.00000000     0.99959238
     0.00500000     0.00000000     4.00000000    -1.00000000     0.99975124
     0.00900000     0.00000000     8.00000000     1.00000000     0.99984086
     0.09000000     0.00000000    16.00000000    -1.00000000     0.99988632
     0.00000900     0.00000000     4.00000000     1.00000000     0.99992282
     0.00000100     0.00000000     2.00000000     1.00000000     0.99994486
     0.00100000     0.00000000    16.00000000     1.00000000     0.99996370
     9.00000000     0.00000000    16.00000000     1.00000000     0.99997611
     0.00009000     0.00000000    16.00000000    -1.00000000     0.99998204
     9.00000000     0.00000000     2.00000000    -1.00000000     0.99998672
     0.05000000     0.00000000     4.00000000     1.00000000     0.99998992
     0.70000000     0.00000000     4.00000000     1.00000000     0.99999221
     0.00000900     0.00000000    16.00000000    -1.00000000     0.99999395
     0.90000000     0.00000000     2.00000000     1.00000000     0.99999552
     9.00000000     0.00000000    16.00000000    -1.00000000     0.99999649
  
 --------------------------------------------------------------
g5_a_bb   20 : eta5, theta5, zeta5, lambda5 %
 --------------------------------------------------------------
     0.00900000     0.00000000    16.00000000    -1.00000000     0.96435361
     0.90000000     0.00000000    16.00000000     1.00000000     0.98518676
     0.90000000     0.00000000     8.00000000     1.00000000     0.99117043
     9.00000000     0.00000000     2.00000000    -1.00000000     0.99378134
     0.30000000     0.00000000     8.00000000     1.00000000     0.99615360
     0.00100000     0.00000000     4.00000000    -1.00000000     0.99727513
     0.00007000     0.00000000     4.00000000    -1.00000000     0.99820783
     0.90000000     0.00000000     4.00000000    -1.00000000     0.99881365
     0.30000000     0.00000000    16.00000000    -1.00000000     0.99917968
     1.00000000     0.00000000     8.00000000     1.00000000     0.99947110
     9.00000000     0.00000000     1.00000000     1.00000000     0.99964226
     9.00000000     0.00000000     8.00000000     1.00000000     0.99975609
     0.00009000     0.00000000     8.00000000    -1.00000000     0.99983672
     0.00900000     0.00000000     1.00000000     1.00000000     0.99989768
     0.00000100     0.00000000     4.00000000    -1.00000000     0.99992814
     0.00300000     0.00000000    16.00000000    -1.00000000     0.99995303
     0.00009000     0.00000000     2.00000000    -1.00000000     0.99996982
     0.09000000     0.00000000    16.00000000    -1.00000000     0.99997941
     0.00009000     0.00000000     8.00000000     1.00000000     0.99998494
     0.00050000     0.00000000     4.00000000     1.00000000     0.99998958
  
 --------------------------------------------------------------
g5_a_bc   20 : eta5, theta5, zeta5, lambda5 %
 --------------------------------------------------------------
     0.00000900     0.00000000    16.00000000    -1.00000000     0.97808889
     9.00000000     0.00000000    16.00000000     1.00000000     0.98847422
     0.00009000     0.00000000     8.00000000    -1.00000000     0.99470895
     0.03000000     0.00000000     2.00000000     1.00000000     0.99640233
     0.00000500     0.00000000     8.00000000    -1.00000000     0.99765595
     0.00010000     0.00000000     4.00000000     1.00000000     0.99839569
     0.00900000     0.00000000     2.00000000     1.00000000     0.99903371
     0.00009000     0.00000000     8.00000000     1.00000000     0.99944352
     0.00090000     0.00000000     8.00000000     1.00000000     0.99967057
     0.00900000     0.00000000     8.00000000     1.00000000     0.99978600
     0.00009000     0.00000000     2.00000000     1.00000000     0.99985185
     0.01000000     0.00000000     4.00000000     1.00000000     0.99989388
     9.00000000     0.00000000     8.00000000     1.00000000     0.99992642
     0.00030000     0.00000000     4.00000000    -1.00000000     0.99995224
     0.00010000     0.00000000     4.00000000    -1.00000000     0.99996911
     0.00000100     0.00000000     8.00000000     1.00000000     0.99997951
     0.00000900     0.00000000     4.00000000    -1.00000000     0.99998711
     0.90000000     0.00000000    16.00000000    -1.00000000     0.99999073
     0.00000900     0.00000000     8.00000000     1.00000000     0.99999365
     0.07000000     0.00000000     2.00000000     1.00000000     0.99999544
  
 --------------------------------------------------------------
g5_a_bd   20 : eta5, theta5, zeta5, lambda5 %
 --------------------------------------------------------------
     9.00000000     0.00000000     8.00000000     1.00000000     0.98383345
     9.00000000     0.00000000    16.00000000    -1.00000000     0.99490329
     0.09000000     0.00000000     8.00000000     1.00000000     0.99697614
     0.00500000     0.00000000     1.00000000    -1.00000000     0.99793294
     1.00000000     0.00000000     4.00000000    -1.00000000     0.99859491
     0.00010000     0.00000000     4.00000000    -1.00000000     0.99911531
     0.50000000     0.00000000     8.00000000    -1.00000000     0.99942593
     0.90000000     0.00000000     8.00000000    -1.00000000     0.99965970
     0.09000000     0.00000000    16.00000000    -1.00000000     0.99979175
     0.00009000     0.00000000    16.00000000     1.00000000     0.99987327
     0.00001000     0.00000000     8.00000000    -1.00000000     0.99991031
     5.00000000     0.00000000     1.00000000    -1.00000000     0.99994411
     0.05000000     0.00000000     1.00000000     1.00000000     0.99996199
     0.09000000     0.00000000     2.00000000    -1.00000000     0.99997437
     0.09000000     0.00000000     8.00000000    -1.00000000     0.99998085
     0.00009000     0.00000000     1.00000000     1.00000000     0.99998676
     0.50000000     0.00000000     4.00000000     1.00000000     0.99999062
     0.00001000     0.00000000     8.00000000     1.00000000     0.99999364
     0.00090000     0.00000000     4.00000000     1.00000000     0.99999555
     0.00000900     0.00000000    16.00000000     1.00000000     0.99999676
  
 --------------------------------------------------------------
g5_a_cc   20 : eta5, theta5, zeta5, lambda5 %
 --------------------------------------------------------------
     0.00090000     0.00000000     8.00000000    -1.00000000     0.94796305
     0.00900000     0.00000000    16.00000000    -1.00000000     0.97756204
     0.00090000     0.00000000     8.00000000     1.00000000     0.99070847
     0.00000100     0.00000000    16.00000000     1.00000000     0.99451457
     0.00000500     0.00000000     1.00000000    -1.00000000     0.99740420
     0.00300000     0.00000000     4.00000000     1.00000000     0.99842196
     0.00900000     0.00000000    16.00000000     1.00000000     0.99906196
     7.00000000     0.00000000     8.00000000    -1.00000000     0.99948696
     0.00900000     0.00000000     8.00000000    -1.00000000     0.99973376
     9.00000000     0.00000000    16.00000000     1.00000000     0.99983498
     0.01000000     0.00000000    16.00000000     1.00000000     0.99991504
     0.00000300     0.00000000     4.00000000    -1.00000000     0.99996284
     0.00500000     0.00000000     8.00000000    -1.00000000     0.99997744
     0.00000900     0.00000000     2.00000000     1.00000000     0.99998567
     0.00000900     0.00000000     4.00000000    -1.00000000     0.99999291
     0.00000500     0.00000000     2.00000000    -1.00000000     0.99999582
     0.01000000     0.00000000     8.00000000     1.00000000     0.99999772
     0.00000500     0.00000000     8.00000000     1.00000000     0.99999875
     0.00009000     0.00000000     4.00000000    -1.00000000     0.99999938
     0.00070000     0.00000000     4.00000000    -1.00000000     0.99999953
  
 --------------------------------------------------------------
g5_a_cd   20 : eta5, theta5, zeta5, lambda5 %
 --------------------------------------------------------------
     9.00000000     0.00000000     8.00000000     1.00000000     0.95176347
     0.90000000     0.00000000    16.00000000    -1.00000000     0.98046844
     0.09000000     0.00000000     8.00000000    -1.00000000     0.99378050
     0.00003000     0.00000000     4.00000000    -1.00000000     0.99595795
     0.10000000     0.00000000     2.00000000     1.00000000     0.99753840
     0.00100000     0.00000000     2.00000000     1.00000000     0.99855673
     0.00090000     0.00000000    16.00000000     1.00000000     0.99919243
     9.00000000     0.00000000    16.00000000    -1.00000000     0.99958180
     0.07000000     0.00000000     1.00000000    -1.00000000     0.99979019
     0.00010000     0.00000000     4.00000000    -1.00000000     0.99984994
     0.50000000     0.00000000     8.00000000    -1.00000000     0.99990119
     0.00300000     0.00000000     8.00000000    -1.00000000     0.99993339
     0.00900000     0.00000000     8.00000000    -1.00000000     0.99995623
     9.00000000     0.00000000     8.00000000    -1.00000000     0.99997011
     0.00003000     0.00000000     4.00000000     1.00000000     0.99997886
     0.05000000     0.00000000     4.00000000     1.00000000     0.99998423
     0.00000100     0.00000000     4.00000000     1.00000000     0.99998903
     0.00000900     0.00000000    16.00000000     1.00000000     0.99999259
     0.00000700     0.00000000     4.00000000    -1.00000000     0.99999479
     0.00000100     0.00000000     8.00000000    -1.00000000     0.99999629
  
 --------------------------------------------------------------
g5_a_dd   20 : eta5, theta5, zeta5, lambda5 %
 --------------------------------------------------------------
     9.00000000     0.00000000    16.00000000     1.00000000     0.95629227
     0.00009000     0.00000000    16.00000000     1.00000000     0.98375044
     0.00000900     0.00000000    16.00000000    -1.00000000     0.99389418
     0.03000000     0.00000000     1.00000000    -1.00000000     0.99621136
     0.00010000     0.00000000     4.00000000    -1.00000000     0.99756453
     3.00000000     0.00000000     4.00000000     1.00000000     0.99825335
     0.00090000     0.00000000     4.00000000     1.00000000     0.99886117
     9.00000000     0.00000000     2.00000000    -1.00000000     0.99922493
     0.09000000     0.00000000     8.00000000     1.00000000     0.99952432
     0.00010000     0.00000000     4.00000000     1.00000000     0.99966179
     0.00100000     0.00000000     8.00000000     1.00000000     0.99975984
     0.09000000     0.00000000    16.00000000     1.00000000     0.99983734
     0.90000000     0.00000000    16.00000000     1.00000000     0.99989232
     0.90000000     0.00000000     4.00000000     1.00000000     0.99992547
     0.00001000     0.00000000     4.00000000     1.00000000     0.99994349
     1.00000000     0.00000000     2.00000000     1.00000000     0.99995636
     0.00900000     0.00000000    16.00000000     1.00000000     0.99996800
     0.00090000     0.00000000    16.00000000     1.00000000     0.99997515
     0.00000900     0.00000000     4.00000000     1.00000000     0.99998195
     0.00000100     0.00000000     4.00000000     1.00000000     0.99998690
  
 --------------------------------------------------------------
 g2_b_a           10  : eta2_b_a, rs2_b_a %
 --------------------------------------------------------------
     0.00005000     0.00000000     0.99174278
     0.00050000     0.00000000     0.99808373
     0.05000000     0.00000000     0.99967737
     0.00004000     0.00000000     0.99993025
     0.00000200     0.00000000     0.99999021
     1.00000000     0.00000000     0.99999832
     0.50000000     0.00000000     0.99999976
     0.30000000     0.00000000     0.99999995
     0.10000000     0.00000000     0.99999997
     0.01000000     0.00000000     0.99999999
  
 --------------------------------------------------------------
 g2_b_b           10  : eta2_b_b, rs2_b_b %
 --------------------------------------------------------------
     0.05000000     0.00000000     0.96579885
     0.50000000     0.00000000     0.99606158
     0.00050000     0.00000000     0.99872824
     0.00000300     0.00000000     0.99964335
     0.00000200     0.00000000     0.99991501
     0.00010000     0.00000000     0.99998370
     0.00000500     0.00000000     0.99999778
     5.00000000     0.00000000     0.99999946
     0.00500000     0.00000000     0.99999982
     0.40000000     0.00000000     0.99999992
  
 --------------------------------------------------------------
 g2_b_c           10  : eta2_b_c, rs2_b_c %
 --------------------------------------------------------------
     5.00000000     0.00000000     0.97806822
     0.05000000     0.00000000     0.99571870
     0.40000000     0.00000000     0.99889344
     0.30000000     0.00000000     0.99972294
     0.00000200     0.00000000     0.99995584
     0.10000000     0.00000000     0.99999309
     0.00500000     0.00000000     0.99999837
     0.50000000     0.00000000     0.99999977
     0.00400000     0.00000000     0.99999993
     0.00001000     0.00000000     0.99999996
  
 --------------------------------------------------------------
 g2_b_d           10  : eta2_b_d, rs2_b_d %
 --------------------------------------------------------------
     0.50000000     0.00000000     0.96218529
     0.05000000     0.00000000     0.99574813
     0.00005000     0.00000000     0.99891564
     0.00030000     0.00000000     0.99977116
     0.00000200     0.00000000     0.99993041
     0.00001000     0.00000000     0.99998467
     5.00000000     0.00000000     0.99999796
     4.00000000     0.00000000     0.99999964
     0.04000000     0.00000000     0.99999995
     0.30000000     0.00000000     0.99999998
  
 --------------------------------------------------------------
g5_b_aa   20 : eta5, theta5, zeta5, lambda5 %
 --------------------------------------------------------------
     0.09000000     0.00000000     4.00000000     1.00000000     0.97047471
     0.00090000     0.00000000     8.00000000     1.00000000     0.99366081
     0.00009000     0.00000000     1.00000000     1.00000000     0.99814521
     0.00000900     0.00000000    16.00000000     1.00000000     0.99887659
     0.00000900     0.00000000     8.00000000    -1.00000000     0.99949309
     0.00300000     0.00000000     4.00000000     1.00000000     0.99977777
     0.00030000     0.00000000     1.00000000    -1.00000000     0.99986638
     7.00000000     0.00000000     1.00000000    -1.00000000     0.99991384
     0.00005000     0.00000000     2.00000000     1.00000000     0.99995664
     0.00050000     0.00000000     8.00000000    -1.00000000     0.99997344
     0.00070000     0.00000000     1.00000000     1.00000000     0.99998179
     3.00000000     0.00000000     2.00000000     1.00000000     0.99998885
     0.00070000     0.00000000    16.00000000    -1.00000000     0.99999316
     0.00000900     0.00000000     2.00000000     1.00000000     0.99999638
     0.05000000     0.00000000     1.00000000     1.00000000     0.99999742
     0.00000900     0.00000000     4.00000000    -1.00000000     0.99999819
     0.00000900     0.00000000    16.00000000    -1.00000000     0.99999888
     0.00000900     0.00000000     1.00000000     1.00000000     0.99999920
     0.00100000     0.00000000     4.00000000    -1.00000000     0.99999941
     0.00500000     0.00000000     4.00000000     1.00000000     0.99999957
  
 --------------------------------------------------------------
g5_b_ab   20 : eta5, theta5, zeta5, lambda5 %
 --------------------------------------------------------------
     0.09000000     0.00000000    16.00000000     1.00000000     0.95522943
     0.00900000     0.00000000    16.00000000     1.00000000     0.99141287
     0.00090000     0.00000000    16.00000000     1.00000000     0.99486162
     0.00005000     0.00000000     4.00000000     1.00000000     0.99705878
     0.10000000     0.00000000     8.00000000    -1.00000000     0.99810645
     0.10000000     0.00000000     2.00000000     1.00000000     0.99876301
     0.00000500     0.00000000     2.00000000     1.00000000     0.99914835
     0.00009000     0.00000000    16.00000000     1.00000000     0.99945172
     0.90000000     0.00000000    16.00000000     1.00000000     0.99962086
     0.00003000     0.00000000    16.00000000     1.00000000     0.99972125
     0.00000100     0.00000000     8.00000000    -1.00000000     0.99980985
     0.00000100     0.00000000     2.00000000     1.00000000     0.99986664
     0.00000900     0.00000000    16.00000000     1.00000000     0.99989863
     9.00000000     0.00000000     4.00000000     1.00000000     0.99992998
     5.00000000     0.00000000     8.00000000     1.00000000     0.99994812
     5.00000000     0.00000000     1.00000000    -1.00000000     0.99996315
     0.00050000     0.00000000     4.00000000    -1.00000000     0.99997237
     0.00007000     0.00000000     8.00000000     1.00000000     0.99998047
     9.00000000     0.00000000    16.00000000     1.00000000     0.99998630
     0.00009000     0.00000000    16.00000000    -1.00000000     0.99999026
  
 --------------------------------------------------------------
g5_b_ac   20 : eta5, theta5, zeta5, lambda5 %
 --------------------------------------------------------------
     0.00900000     0.00000000    16.00000000     1.00000000     0.94478254
     0.00000900     0.00000000    16.00000000    -1.00000000     0.99122461
     9.00000000     0.00000000    16.00000000     1.00000000     0.99490421
     0.00500000     0.00000000     2.00000000     1.00000000     0.99740236
     0.00500000     0.00000000     4.00000000     1.00000000     0.99851105
     0.00050000     0.00000000    16.00000000    -1.00000000     0.99888342
     5.00000000     0.00000000     2.00000000     1.00000000     0.99924304
     9.00000000     0.00000000    16.00000000    -1.00000000     0.99945943
     0.00090000     0.00000000     4.00000000     1.00000000     0.99964885
     0.00003000     0.00000000     1.00000000     1.00000000     0.99975033
     0.50000000     0.00000000     1.00000000     1.00000000     0.99982357
     0.00005000     0.00000000     4.00000000     1.00000000     0.99987475
     0.00009000     0.00000000     8.00000000     1.00000000     0.99991273
     0.00090000     0.00000000    16.00000000     1.00000000     0.99994098
     0.00009000     0.00000000    16.00000000     1.00000000     0.99995465
     0.09000000     0.00000000     8.00000000     1.00000000     0.99996750
     0.90000000     0.00000000    16.00000000     1.00000000     0.99997585
     0.00900000     0.00000000    16.00000000    -1.00000000     0.99998142
     0.00000900     0.00000000     4.00000000     1.00000000     0.99998564
     0.00005000     0.00000000     2.00000000    -1.00000000     0.99998938
  
 --------------------------------------------------------------
g5_b_ad   20 : eta5, theta5, zeta5, lambda5 %
 --------------------------------------------------------------
     9.00000000     0.00000000    16.00000000     1.00000000     0.94555179
     0.09000000     0.00000000    16.00000000     1.00000000     0.99489237
     0.00009000     0.00000000    16.00000000     1.00000000     0.99706586
     0.00009000     0.00000000    16.00000000    -1.00000000     0.99851908
     0.30000000     0.00000000     8.00000000     1.00000000     0.99908569
     0.00000100     0.00000000     4.00000000     1.00000000     0.99934565
     0.70000000     0.00000000     2.00000000     1.00000000     0.99955017
     0.09000000     0.00000000    16.00000000    -1.00000000     0.99968537
     0.00900000     0.00000000    16.00000000     1.00000000     0.99979792
     3.00000000     0.00000000     2.00000000     1.00000000     0.99986631
     0.00100000     0.00000000     2.00000000     1.00000000     0.99990654
     0.90000000     0.00000000     4.00000000    -1.00000000     0.99992936
     0.00000900     0.00000000     4.00000000     1.00000000     0.99994866
     0.00090000     0.00000000     8.00000000     1.00000000     0.99996129
     0.09000000     0.00000000     2.00000000     1.00000000     0.99997000
     0.05000000     0.00000000     1.00000000    -1.00000000     0.99997843
     0.01000000     0.00000000     1.00000000     1.00000000     0.99998415
     0.00090000     0.00000000    16.00000000     1.00000000     0.99998800
     0.90000000     0.00000000    16.00000000     1.00000000     0.99999144
     0.00003000     0.00000000     1.00000000     1.00000000     0.99999323
  
 --------------------------------------------------------------
g5_b_bb   20 : eta5, theta5, zeta5, lambda5 %
 --------------------------------------------------------------
     0.00090000     0.00000000    16.00000000     1.00000000     0.96947588
     0.90000000     0.00000000    16.00000000     1.00000000     0.98502273
     9.00000000     0.00000000    16.00000000    -1.00000000     0.99152005
     0.05000000     0.00000000     8.00000000    -1.00000000     0.99499821
     0.00000900     0.00000000    16.00000000     1.00000000     0.99659783
     0.09000000     0.00000000    16.00000000    -1.00000000     0.99759556
     9.00000000     0.00000000    16.00000000     1.00000000     0.99820088
     0.09000000     0.00000000    16.00000000     1.00000000     0.99875210
     1.00000000     0.00000000     8.00000000     1.00000000     0.99902748
     0.00900000     0.00000000    16.00000000     1.00000000     0.99925966
     0.00009000     0.00000000    16.00000000    -1.00000000     0.99945455
     0.00007000     0.00000000    16.00000000     1.00000000     0.99956317
     0.00010000     0.00000000     4.00000000     1.00000000     0.99965355
     0.90000000     0.00000000     4.00000000     1.00000000     0.99973482
     9.00000000     0.00000000     8.00000000     1.00000000     0.99979169
     0.00500000     0.00000000     4.00000000    -1.00000000     0.99983828
     0.00000500     0.00000000    16.00000000     1.00000000     0.99987241
     0.00900000     0.00000000     2.00000000    -1.00000000     0.99989694
     0.00009000     0.00000000     8.00000000    -1.00000000     0.99991952
     0.00009000     0.00000000     4.00000000    -1.00000000     0.99993683
  
 --------------------------------------------------------------
g5_b_bc   20 : eta5, theta5, zeta5, lambda5 %
 --------------------------------------------------------------
     0.09000000     0.00000000    16.00000000     1.00000000     0.95482490
     9.00000000     0.00000000    16.00000000     1.00000000     0.97968886
     0.00009000     0.00000000     8.00000000     1.00000000     0.98987091
     0.00000300     0.00000000     4.00000000     1.00000000     0.99532877
     0.00900000     0.00000000     8.00000000     1.00000000     0.99651256
     0.90000000     0.00000000    16.00000000    -1.00000000     0.99754313
     0.00900000     0.00000000    16.00000000     1.00000000     0.99811707
     0.00009000     0.00000000    16.00000000     1.00000000     0.99861965
     0.00700000     0.00000000     8.00000000     1.00000000     0.99899524
     0.00090000     0.00000000    16.00000000     1.00000000     0.99925580
     0.00090000     0.00000000     8.00000000     1.00000000     0.99941595
     0.00009000     0.00000000    16.00000000    -1.00000000     0.99954668
     0.09000000     0.00000000     4.00000000     1.00000000     0.99965458
     0.00010000     0.00000000    16.00000000    -1.00000000     0.99973994
     0.01000000     0.00000000     4.00000000    -1.00000000     0.99981989
     0.90000000     0.00000000    16.00000000     1.00000000     0.99986686
     0.00090000     0.00000000     4.00000000     1.00000000     0.99990423
     0.30000000     0.00000000     2.00000000    -1.00000000     0.99993105
     0.00007000     0.00000000     1.00000000    -1.00000000     0.99994691
     0.09000000     0.00000000     8.00000000     1.00000000     0.99995944
  
 --------------------------------------------------------------
g5_b_bd   20 : eta5, theta5, zeta5, lambda5 %
 --------------------------------------------------------------
     0.00900000     0.00000000    16.00000000     1.00000000     0.96526011
     9.00000000     0.00000000    16.00000000     1.00000000     0.98574872
     0.09000000     0.00000000    16.00000000     1.00000000     0.99257693
     0.00009000     0.00000000    16.00000000     1.00000000     0.99497233
     0.03000000     0.00000000     8.00000000    -1.00000000     0.99659431
     0.00000500     0.00000000    16.00000000    -1.00000000     0.99777637
     0.00000100     0.00000000     4.00000000     1.00000000     0.99837334
     9.00000000     0.00000000    16.00000000    -1.00000000     0.99879376
     0.90000000     0.00000000    16.00000000     1.00000000     0.99911617
     0.90000000     0.00000000     2.00000000     1.00000000     0.99932186
     0.00000100     0.00000000    16.00000000    -1.00000000     0.99947018
     0.00100000     0.00000000     4.00000000    -1.00000000     0.99958826
     0.00000900     0.00000000    16.00000000     1.00000000     0.99967765
     0.00000900     0.00000000    16.00000000    -1.00000000     0.99974576
     0.00030000     0.00000000     2.00000000     1.00000000     0.99980181
     0.00100000     0.00000000    16.00000000    -1.00000000     0.99983736
     0.00010000     0.00000000     2.00000000    -1.00000000     0.99987082
     0.00000900     0.00000000     4.00000000     1.00000000     0.99989544
     0.90000000     0.00000000    16.00000000    -1.00000000     0.99991551
     0.00900000     0.00000000     8.00000000    -1.00000000     0.99993291
  
 --------------------------------------------------------------
g5_b_cc   20 : eta5, theta5, zeta5, lambda5 %
 --------------------------------------------------------------
     0.00900000     0.00000000    16.00000000    -1.00000000     0.82734029
     0.00900000     0.00000000    16.00000000     1.00000000     0.95710009
     0.00090000     0.00000000     8.00000000     1.00000000     0.97760974
     0.00009000     0.00000000    16.00000000    -1.00000000     0.98724694
     9.00000000     0.00000000    16.00000000    -1.00000000     0.99231346
     0.01000000     0.00000000     8.00000000     1.00000000     0.99484669
     0.00090000     0.00000000    16.00000000    -1.00000000     0.99631723
     9.00000000     0.00000000    16.00000000     1.00000000     0.99750668
     0.00000900     0.00000000    16.00000000    -1.00000000     0.99811261
     0.00000700     0.00000000     8.00000000     1.00000000     0.99868607
     0.00000100     0.00000000     1.00000000     1.00000000     0.99910518
     0.10000000     0.00000000     8.00000000     1.00000000     0.99936347
     0.00500000     0.00000000     1.00000000    -1.00000000     0.99950330
     0.00030000     0.00000000     1.00000000     1.00000000     0.99960638
     0.00009000     0.00000000     2.00000000    -1.00000000     0.99969352
     0.09000000     0.00000000     2.00000000     1.00000000     0.99975724
     0.00900000     0.00000000     2.00000000     1.00000000     0.99980477
     0.09000000     0.00000000    16.00000000    -1.00000000     0.99984758
     0.50000000     0.00000000     8.00000000    -1.00000000     0.99987931
     1.00000000     0.00000000     4.00000000    -1.00000000     0.99990374
  
 --------------------------------------------------------------
g5_b_cd   20 : eta5, theta5, zeta5, lambda5 %
 --------------------------------------------------------------
     9.00000000     0.00000000    16.00000000     1.00000000     0.95290593
     0.90000000     0.00000000    16.00000000     1.00000000     0.98160249
     0.00009000     0.00000000    16.00000000     1.00000000     0.99040057
     0.00000300     0.00000000    16.00000000     1.00000000     0.99485380
     0.00010000     0.00000000     2.00000000    -1.00000000     0.99680802
     0.10000000     0.00000000     4.00000000    -1.00000000     0.99822085
     0.09000000     0.00000000    16.00000000     1.00000000     0.99878896
     0.00090000     0.00000000     4.00000000    -1.00000000     0.99919200
     0.07000000     0.00000000     1.00000000     1.00000000     0.99937449
     0.00005000     0.00000000     4.00000000     1.00000000     0.99951985
     0.00090000     0.00000000    16.00000000    -1.00000000     0.99964406
     9.00000000     0.00000000     8.00000000     1.00000000     0.99972910
     9.00000000     0.00000000    16.00000000    -1.00000000     0.99979041
     0.90000000     0.00000000    16.00000000    -1.00000000     0.99983973
     0.70000000     0.00000000     1.00000000    -1.00000000     0.99988325
     5.00000000     0.00000000     1.00000000     1.00000000     0.99991775
     0.10000000     0.00000000     4.00000000     1.00000000     0.99993656
     0.00900000     0.00000000    16.00000000     1.00000000     0.99995325
     0.00900000     0.00000000    16.00000000    -1.00000000     0.99996870
     0.00000900     0.00000000     8.00000000    -1.00000000     0.99997725
  
 --------------------------------------------------------------
g5_b_dd   20 : eta5, theta5, zeta5, lambda5 %
 --------------------------------------------------------------
     0.00900000     0.00000000    16.00000000     1.00000000     0.95475287
     9.00000000     0.00000000    16.00000000     1.00000000     0.97790426
     0.00009000     0.00000000    16.00000000     1.00000000     0.98716341
     9.00000000     0.00000000     4.00000000     1.00000000     0.99108848
     0.00300000     0.00000000     4.00000000    -1.00000000     0.99401110
     0.00000100     0.00000000     1.00000000     1.00000000     0.99566181
     0.90000000     0.00000000    16.00000000     1.00000000     0.99720747
     0.00090000     0.00000000    16.00000000     1.00000000     0.99801919
     9.00000000     0.00000000    16.00000000    -1.00000000     0.99859751
     0.90000000     0.00000000     8.00000000     1.00000000     0.99895913
     0.00003000     0.00000000     1.00000000    -1.00000000     0.99917973
     0.00000100     0.00000000     8.00000000    -1.00000000     0.99933995
     0.09000000     0.00000000    16.00000000     1.00000000     0.99949001
     0.09000000     0.00000000    16.00000000    -1.00000000     0.99958928
     9.00000000     0.00000000     8.00000000    -1.00000000     0.99966842
     5.00000000     0.00000000     8.00000000    -1.00000000     0.99973226
     0.00009000     0.00000000     1.00000000     1.00000000     0.99978520
     0.00009000     0.00000000     8.00000000     1.00000000     0.99982779
     0.00000900     0.00000000    16.00000000     1.00000000     0.99985870
     0.00070000     0.00000000     1.00000000     1.00000000     0.99988222
  
 --------------------------------------------------------------
 g2_c_a           10  : eta2_c_a, rs2_c_a %
 --------------------------------------------------------------
     5.00000000     0.00000000     0.98506133
     0.00050000     0.00000000     0.99786111
     0.05000000     0.00000000     0.99953421
     0.00300000     0.00000000     0.99991013
     0.00200000     0.00000000     0.99998817
     0.10000000     0.00000000     0.99999890
     0.50000000     0.00000000     0.99999941
     0.00000500     0.00000000     0.99999980
     0.40000000     0.00000000     0.99999997
     0.03000000     0.00000000     0.99999999
  
 --------------------------------------------------------------
 g2_c_b           10  : eta2_c_b, rs2_c_b %
 --------------------------------------------------------------
     5.00000000     0.00000000     0.96853925
     0.50000000     0.00000000     0.99627647
     0.00005000     0.00000000     0.99871987
     0.30000000     0.00000000     0.99968924
     0.00200000     0.00000000     0.99992852
     0.00010000     0.00000000     0.99998619
     0.00500000     0.00000000     0.99999334
     0.05000000     0.00000000     0.99999887
     0.00050000     0.00000000     0.99999965
     0.00000500     0.00000000     0.99999993
  
 --------------------------------------------------------------
 g2_c_c           10  : eta2_c_c, rs2_c_c %
 --------------------------------------------------------------
     5.00000000     0.00000000     0.96203707
     0.50000000     0.00000000     0.99734888
     0.00050000     0.00000000     0.99905847
     0.00030000     0.00000000     0.99980003
     0.02000000     0.00000000     0.99996825
     0.01000000     0.00000000     0.99999420
     0.00500000     0.00000000     0.99999935
     0.05000000     0.00000000     0.99999980
     0.00005000     0.00000000     0.99999991
     0.20000000     0.00000000     0.99999997
  
 --------------------------------------------------------------
 g2_c_d           10  : eta2_c_d, rs2_c_d %
 --------------------------------------------------------------
     0.05000000     0.00000000     0.95386546
     5.00000000     0.00000000     0.99580634
     0.00000500     0.00000000     0.99853003
     2.00000000     0.00000000     0.99990628
     1.00000000     0.00000000     0.99997814
     0.00500000     0.00000000     0.99999722
     0.50000000     0.00000000     0.99999942
     0.04000000     0.00000000     0.99999969
     0.40000000     0.00000000     0.99999994
     0.00010000     0.00000000     0.99999998
  
 --------------------------------------------------------------
g5_c_aa   20 : eta5, theta5, zeta5, lambda5 %
 --------------------------------------------------------------
     0.00090000     0.00000000    16.00000000     1.00000000     0.96451527
     0.90000000     0.00000000    16.00000000    -1.00000000     0.99227127
     0.00000900     0.00000000    16.00000000    -1.00000000     0.99580853
     0.00070000     0.00000000     1.00000000     1.00000000     0.99833391
     0.00000300     0.00000000     4.00000000     1.00000000     0.99921890
     0.00000700     0.00000000    16.00000000     1.00000000     0.99959415
     9.00000000     0.00000000    16.00000000    -1.00000000     0.99975144
     0.90000000     0.00000000     8.00000000     1.00000000     0.99983793
     9.00000000     0.00000000    16.00000000     1.00000000     0.99990144
     0.00090000     0.00000000     8.00000000     1.00000000     0.99993730
     0.00700000     0.00000000     8.00000000    -1.00000000     0.99996213
     0.00000900     0.00000000    16.00000000     1.00000000     0.99997532
     7.00000000     0.00000000    16.00000000     1.00000000     0.99998449
     3.00000000     0.00000000     4.00000000     1.00000000     0.99998931
     0.00900000     0.00000000    16.00000000     1.00000000     0.99999323
     0.09000000     0.00000000     8.00000000     1.00000000     0.99999529
     0.00090000     0.00000000    16.00000000    -1.00000000     0.99999695
     7.00000000     0.00000000     4.00000000     1.00000000     0.99999804
     9.00000000     0.00000000     1.00000000     1.00000000     0.99999869
     0.00009000     0.00000000     8.00000000    -1.00000000     0.99999917
  
 --------------------------------------------------------------
g5_c_ab   20 : eta5, theta5, zeta5, lambda5 %
 --------------------------------------------------------------
     0.90000000     0.00000000    16.00000000     1.00000000     0.97177584
     0.00900000     0.00000000    16.00000000    -1.00000000     0.98931517
     0.90000000     0.00000000     8.00000000     1.00000000     0.99350153
     0.05000000     0.00000000     8.00000000     1.00000000     0.99626858
     0.00090000     0.00000000     8.00000000     1.00000000     0.99787522
     0.00100000     0.00000000     4.00000000     1.00000000     0.99884054
     0.00900000     0.00000000    16.00000000     1.00000000     0.99932134
     0.00090000     0.00000000    16.00000000     1.00000000     0.99950131
     0.00090000     0.00000000     2.00000000     1.00000000     0.99965229
     0.30000000     0.00000000     2.00000000     1.00000000     0.99975682
     0.00100000     0.00000000     2.00000000    -1.00000000     0.99983991
     0.90000000     0.00000000    16.00000000    -1.00000000     0.99988821
     0.00090000     0.00000000    16.00000000    -1.00000000     0.99992429
     0.01000000     0.00000000    16.00000000    -1.00000000     0.99994811
     0.00000900     0.00000000    16.00000000     1.00000000     0.99996165
     0.00009000     0.00000000    16.00000000    -1.00000000     0.99997349
     0.00900000     0.00000000     4.00000000     1.00000000     0.99998210
     0.01000000     0.00000000     8.00000000    -1.00000000     0.99998647
     0.00000300     0.00000000     2.00000000    -1.00000000     0.99999015
     0.00009000     0.00000000     4.00000000    -1.00000000     0.99999323
  
 --------------------------------------------------------------
g5_c_ac   20 : eta5, theta5, zeta5, lambda5 %
 --------------------------------------------------------------
     0.00900000     0.00000000    16.00000000    -1.00000000     0.93757527
     9.00000000     0.00000000    16.00000000    -1.00000000     0.99140981
     0.00000900     0.00000000     8.00000000     1.00000000     0.99592343
     0.00090000     0.00000000     8.00000000     1.00000000     0.99785330
     0.30000000     0.00000000     8.00000000     1.00000000     0.99902941
     0.00100000     0.00000000     4.00000000    -1.00000000     0.99939266
     0.00000900     0.00000000    16.00000000    -1.00000000     0.99962216
     0.90000000     0.00000000     2.00000000     1.00000000     0.99978462
     0.00009000     0.00000000     1.00000000     1.00000000     0.99985857
     0.09000000     0.00000000    16.00000000    -1.00000000     0.99990296
     0.00030000     0.00000000     8.00000000     1.00000000     0.99992762
     0.00010000     0.00000000     8.00000000     1.00000000     0.99994602
     0.09000000     0.00000000    16.00000000     1.00000000     0.99996219
     0.00070000     0.00000000     4.00000000     1.00000000     0.99997512
     0.50000000     0.00000000     1.00000000     1.00000000     0.99998332
     1.00000000     0.00000000     1.00000000     1.00000000     0.99998733
     0.01000000     0.00000000     4.00000000    -1.00000000     0.99999047
     0.09000000     0.00000000     8.00000000     1.00000000     0.99999336
     0.90000000     0.00000000     8.00000000     1.00000000     0.99999543
     0.00090000     0.00000000     4.00000000     1.00000000     0.99999674
  
 --------------------------------------------------------------
g5_c_ad   20 : eta5, theta5, zeta5, lambda5 %
 --------------------------------------------------------------
     0.00900000     0.00000000    16.00000000     1.00000000     0.96911085
     0.09000000     0.00000000    16.00000000     1.00000000     0.98321503
     0.00009000     0.00000000    16.00000000     1.00000000     0.99469723
     7.00000000     0.00000000    16.00000000     1.00000000     0.99654722
     0.00000900     0.00000000     8.00000000     1.00000000     0.99806861
     0.00010000     0.00000000     4.00000000     1.00000000     0.99869754
     0.00090000     0.00000000    16.00000000    -1.00000000     0.99905750
     0.90000000     0.00000000    16.00000000     1.00000000     0.99937701
     9.00000000     0.00000000    16.00000000    -1.00000000     0.99961766
     9.00000000     0.00000000     8.00000000     1.00000000     0.99974292
     0.00090000     0.00000000     8.00000000     1.00000000     0.99980147
     0.00090000     0.00000000    16.00000000     1.00000000     0.99985765
     9.00000000     0.00000000     8.00000000    -1.00000000     0.99989345
     0.00000700     0.00000000     8.00000000     1.00000000     0.99992350
     0.00100000     0.00000000     1.00000000     1.00000000     0.99994079
     0.90000000     0.00000000    16.00000000    -1.00000000     0.99995655
     0.00000300     0.00000000     8.00000000     1.00000000     0.99996638
     0.00009000     0.00000000    16.00000000    -1.00000000     0.99997417
     0.09000000     0.00000000    16.00000000    -1.00000000     0.99998120
     0.03000000     0.00000000     4.00000000    -1.00000000     0.99998531
  
 --------------------------------------------------------------
g5_c_bb   20 : eta5, theta5, zeta5, lambda5 %
 --------------------------------------------------------------
     0.00900000     0.00000000    16.00000000     1.00000000     0.96373885
     0.09000000     0.00000000    16.00000000     1.00000000     0.98175839
     9.00000000     0.00000000    16.00000000     1.00000000     0.99130528
     0.90000000     0.00000000    16.00000000    -1.00000000     0.99368891
     0.00000500     0.00000000     4.00000000     1.00000000     0.99578413
     0.90000000     0.00000000     4.00000000     1.00000000     0.99692942
     0.00000100     0.00000000     2.00000000     1.00000000     0.99787778
     0.09000000     0.00000000    16.00000000    -1.00000000     0.99851446
     0.90000000     0.00000000    16.00000000     1.00000000     0.99905351
     0.09000000     0.00000000     1.00000000    -1.00000000     0.99934725
     0.00000100     0.00000000     4.00000000     1.00000000     0.99949726
     9.00000000     0.00000000    16.00000000    -1.00000000     0.99962746
     0.00090000     0.00000000    16.00000000     1.00000000     0.99973785
     0.00090000     0.00000000    16.00000000    -1.00000000     0.99981275
     7.00000000     0.00000000     2.00000000    -1.00000000     0.99987360
     0.00000500     0.00000000     8.00000000    -1.00000000     0.99989873
     0.00000900     0.00000000    16.00000000     1.00000000     0.99992206
     9.00000000     0.00000000     8.00000000    -1.00000000     0.99993926
     1.00000000     0.00000000     2.00000000     1.00000000     0.99995288
     0.01000000     0.00000000     2.00000000     1.00000000     0.99996347
  
 --------------------------------------------------------------
g5_c_bc   20 : eta5, theta5, zeta5, lambda5 %
 --------------------------------------------------------------
     0.09000000     0.00000000    16.00000000     1.00000000     0.96730031
     9.00000000     0.00000000    16.00000000     1.00000000     0.98618895
     0.00090000     0.00000000    16.00000000     1.00000000     0.99289709
     0.00000700     0.00000000     4.00000000    -1.00000000     0.99512814
     0.00050000     0.00000000     1.00000000    -1.00000000     0.99657079
     0.09000000     0.00000000     4.00000000    -1.00000000     0.99756869
     0.00000900     0.00000000    16.00000000     1.00000000     0.99819341
     0.90000000     0.00000000    16.00000000     1.00000000     0.99863234
     0.00900000     0.00000000    16.00000000     1.00000000     0.99897879
     9.00000000     0.00000000     8.00000000     1.00000000     0.99926518
     0.00009000     0.00000000     8.00000000     1.00000000     0.99943651
     0.00100000     0.00000000     2.00000000     1.00000000     0.99959212
     0.90000000     0.00000000     4.00000000     1.00000000     0.99970856
     0.90000000     0.00000000    16.00000000    -1.00000000     0.99976387
     0.00009000     0.00000000    16.00000000    -1.00000000     0.99981466
     9.00000000     0.00000000     4.00000000     1.00000000     0.99984985
     0.00070000     0.00000000     2.00000000    -1.00000000     0.99987614
     0.00001000     0.00000000     2.00000000    -1.00000000     0.99989937
     9.00000000     0.00000000    16.00000000    -1.00000000     0.99992078
     0.00009000     0.00000000    16.00000000     1.00000000     0.99993948
  
 --------------------------------------------------------------
g5_c_bd   20 : eta5, theta5, zeta5, lambda5 %
 --------------------------------------------------------------
     0.90000000     0.00000000    16.00000000     1.00000000     0.97082720
     0.00900000     0.00000000    16.00000000     1.00000000     0.98800385
     0.09000000     0.00000000    16.00000000     1.00000000     0.99395404
     0.07000000     0.00000000     1.00000000     1.00000000     0.99588441
     0.00010000     0.00000000    16.00000000    -1.00000000     0.99711679
     0.10000000     0.00000000     2.00000000     1.00000000     0.99809296
     0.00900000     0.00000000     4.00000000     1.00000000     0.99882124
     9.00000000     0.00000000    16.00000000     1.00000000     0.99914720
     0.09000000     0.00000000     8.00000000     1.00000000     0.99937951
     0.00090000     0.00000000     4.00000000    -1.00000000     0.99957215
     0.01000000     0.00000000     8.00000000     1.00000000     0.99971414
     0.00009000     0.00000000     8.00000000     1.00000000     0.99977341
     0.00000900     0.00000000    16.00000000    -1.00000000     0.99982969
     0.90000000     0.00000000     4.00000000     1.00000000     0.99987360
     0.00030000     0.00000000     8.00000000     1.00000000     0.99990787
     0.03000000     0.00000000     2.00000000    -1.00000000     0.99993090
     9.00000000     0.00000000     8.00000000    -1.00000000     0.99994509
     0.00009000     0.00000000    16.00000000     1.00000000     0.99995732
     0.90000000     0.00000000     8.00000000    -1.00000000     0.99996738
     3.00000000     0.00000000    16.00000000     1.00000000     0.99997492
  
 --------------------------------------------------------------
g5_c_cc   20 : eta5, theta5, zeta5, lambda5 %
 --------------------------------------------------------------
     0.00090000     0.00000000    16.00000000     1.00000000     0.95707391
     9.00000000     0.00000000    16.00000000     1.00000000     0.98435905
     0.00009000     0.00000000    16.00000000    -1.00000000     0.98928804
     9.00000000     0.00000000    16.00000000    -1.00000000     0.99325729
     0.30000000     0.00000000     4.00000000     1.00000000     0.99657750
     1.00000000     0.00000000     2.00000000     1.00000000     0.99796482
     0.09000000     0.00000000     8.00000000    -1.00000000     0.99861479
     9.00000000     0.00000000     8.00000000     1.00000000     0.99908804
     0.00000900     0.00000000    16.00000000    -1.00000000     0.99937277
     0.00009000     0.00000000     2.00000000     1.00000000     0.99953495
     0.00001000     0.00000000     1.00000000     1.00000000     0.99967960
     0.00300000     0.00000000     1.00000000    -1.00000000     0.99978252
     0.00000900     0.00000000    16.00000000     1.00000000     0.99983647
     0.09000000     0.00000000    16.00000000    -1.00000000     0.99987614
     0.00050000     0.00000000     1.00000000     1.00000000     0.99990678
     0.00000900     0.00000000     1.00000000     1.00000000     0.99993215
     0.00900000     0.00000000     8.00000000    -1.00000000     0.99995121
     0.90000000     0.00000000     8.00000000     1.00000000     0.99996454
     0.00900000     0.00000000    16.00000000    -1.00000000     0.99997385
     0.03000000     0.00000000     8.00000000     1.00000000     0.99998097
  
 --------------------------------------------------------------
g5_c_cd   20 : eta5, theta5, zeta5, lambda5 %
 --------------------------------------------------------------
     0.09000000     0.00000000    16.00000000     1.00000000     0.96398487
     0.90000000     0.00000000    16.00000000     1.00000000     0.99083379
     0.00000900     0.00000000    16.00000000     1.00000000     0.99499565
     0.09000000     0.00000000     2.00000000    -1.00000000     0.99727436
     0.00010000     0.00000000     4.00000000    -1.00000000     0.99815100
     9.00000000     0.00000000     8.00000000     1.00000000     0.99866980
     0.09000000     0.00000000    16.00000000    -1.00000000     0.99906075
     9.00000000     0.00000000    16.00000000     1.00000000     0.99930109
     0.00090000     0.00000000    16.00000000     1.00000000     0.99951972
     0.00090000     0.00000000     4.00000000     1.00000000     0.99962844
     0.00001000     0.00000000     4.00000000    -1.00000000     0.99970979
     0.00009000     0.00000000    16.00000000    -1.00000000     0.99978396
     0.90000000     0.00000000    16.00000000    -1.00000000     0.99983701
     0.00900000     0.00000000    16.00000000     1.00000000     0.99987719
     0.00900000     0.00000000     8.00000000     1.00000000     0.99990775
     0.00900000     0.00000000     4.00000000    -1.00000000     0.99992838
     0.00007000     0.00000000     2.00000000    -1.00000000     0.99994269
     0.00009000     0.00000000    16.00000000     1.00000000     0.99995392
     9.00000000     0.00000000    16.00000000    -1.00000000     0.99996258
     0.00000900     0.00000000    16.00000000    -1.00000000     0.99997033
  
 --------------------------------------------------------------
g5_c_dd   20 : eta5, theta5, zeta5, lambda5 %
 --------------------------------------------------------------
     0.00090000     0.00000000    16.00000000     1.00000000     0.96666334
     9.00000000     0.00000000    16.00000000     1.00000000     0.98615897
     0.09000000     0.00000000    16.00000000     1.00000000     0.99145206
     0.00900000     0.00000000    16.00000000     1.00000000     0.99455643
     0.90000000     0.00000000     8.00000000    -1.00000000     0.99673217
     0.00000900     0.00000000    16.00000000    -1.00000000     0.99767905
     0.09000000     0.00000000     4.00000000     1.00000000     0.99836926
     0.00009000     0.00000000    16.00000000     1.00000000     0.99876821
     0.90000000     0.00000000    16.00000000     1.00000000     0.99912358
     0.00000900     0.00000000    16.00000000     1.00000000     0.99934103
     0.00090000     0.00000000     8.00000000     1.00000000     0.99952639
     0.00000700     0.00000000     1.00000000     1.00000000     0.99962982
     0.09000000     0.00000000    16.00000000    -1.00000000     0.99970877
     9.00000000     0.00000000    16.00000000    -1.00000000     0.99977241
     0.07000000     0.00000000    16.00000000     1.00000000     0.99981620
     0.00000700     0.00000000     2.00000000    -1.00000000     0.99985441
     0.00090000     0.00000000    16.00000000    -1.00000000     0.99988305
     0.00009000     0.00000000    16.00000000    -1.00000000     0.99990884
     0.00900000     0.00000000     8.00000000     1.00000000     0.99992750
     0.10000000     0.00000000     8.00000000     1.00000000     0.99994158
  
 --------------------------------------------------------------
 g2_d_a           10  : eta2_d_a, rs2_d_a %
 --------------------------------------------------------------
     0.50000000     0.00000000     0.99361496
     0.00005000     0.00000000     0.99906147
     0.05000000     0.00000000     0.99970128
     3.00000000     0.00000000     0.99996710
     1.00000000     0.00000000     0.99999576
     0.10000000     0.00000000     0.99999937
     0.00500000     0.00000000     0.99999963
     5.00000000     0.00000000     0.99999988
     4.00000000     0.00000000     0.99999994
     0.00001000     0.00000000     0.99999999
  
 --------------------------------------------------------------
 g2_d_b           10  : eta2_d_b, rs2_d_b %
 --------------------------------------------------------------
     0.00050000     0.00000000     0.94791146
     5.00000000     0.00000000     0.99314666
     0.05000000     0.00000000     0.99865977
     0.00005000     0.00000000     0.99966283
     2.00000000     0.00000000     0.99988550
     0.00000200     0.00000000     0.99997637
     0.00010000     0.00000000     0.99999719
     0.50000000     0.00000000     0.99999963
     4.00000000     0.00000000     0.99999995
     1.00000000     0.00000000     0.99999998
  
 --------------------------------------------------------------
 g2_d_c           10  : eta2_d_c, rs2_d_c %
 --------------------------------------------------------------
     5.00000000     0.00000000     0.92417668
     0.50000000     0.00000000     0.97758760
     0.00050000     0.00000000     0.99817483
     0.00003000     0.00000000     0.99945274
     0.00010000     0.00000000     0.99997361
     0.00000200     0.00000000     0.99999481
     0.00500000     0.00000000     0.99999946
     0.05000000     0.00000000     0.99999989
     0.30000000     0.00000000     0.99999999
     0.00300000     0.00000000     1.00000000
  
 --------------------------------------------------------------
 g2_d_d           10  : eta2_d_d, rs2_d_d %
 --------------------------------------------------------------
     5.00000000     0.00000000     0.97206968
     0.00005000     0.00000000     0.99549129
     0.50000000     0.00000000     0.99901905
     0.00400000     0.00000000     0.99970546
     0.00003000     0.00000000     0.99992752
     0.00000200     0.00000000     0.99997860
     0.00010000     0.00000000     0.99999807
     0.00500000     0.00000000     0.99999953
     0.00000500     0.00000000     0.99999996
     0.04000000     0.00000000     0.99999999
  
 --------------------------------------------------------------
g5_d_aa   20 : eta5, theta5, zeta5, lambda5 %
 --------------------------------------------------------------
     0.90000000     0.00000000    16.00000000     1.00000000     0.97501907
     0.09000000     0.00000000    16.00000000     1.00000000     0.99438418
     9.00000000     0.00000000    16.00000000     1.00000000     0.99798057
     0.00000500     0.00000000     8.00000000     1.00000000     0.99893393
     0.00100000     0.00000000    16.00000000     1.00000000     0.99940133
     0.00030000     0.00000000     2.00000000    -1.00000000     0.99964133
     0.90000000     0.00000000     8.00000000    -1.00000000     0.99980254
     0.00900000     0.00000000     2.00000000     1.00000000     0.99987488
     0.00090000     0.00000000     4.00000000     1.00000000     0.99991074
     0.09000000     0.00000000     2.00000000    -1.00000000     0.99993707
     0.00000100     0.00000000     8.00000000    -1.00000000     0.99995894
     9.00000000     0.00000000    16.00000000    -1.00000000     0.99997438
     0.00900000     0.00000000    16.00000000    -1.00000000     0.99998120
     0.00090000     0.00000000    16.00000000     1.00000000     0.99998721
     0.70000000     0.00000000     1.00000000    -1.00000000     0.99999169
     0.00100000     0.00000000     1.00000000     1.00000000     0.99999424
     0.01000000     0.00000000    16.00000000    -1.00000000     0.99999571
     9.00000000     0.00000000     2.00000000    -1.00000000     0.99999697
     0.90000000     0.00000000    16.00000000    -1.00000000     0.99999780
     0.00900000     0.00000000     2.00000000    -1.00000000     0.99999839
  
 --------------------------------------------------------------
g5_d_ab   20 : eta5, theta5, zeta5, lambda5 %
 --------------------------------------------------------------
     9.00000000     0.00000000    16.00000000     1.00000000     0.96266993
     9.00000000     0.00000000    16.00000000    -1.00000000     0.99403864
     0.00000900     0.00000000     8.00000000     1.00000000     0.99617386
     1.00000000     0.00000000     8.00000000     1.00000000     0.99743933
     0.00000100     0.00000000     8.00000000     1.00000000     0.99835397
     0.09000000     0.00000000     2.00000000    -1.00000000     0.99891529
     0.09000000     0.00000000    16.00000000     1.00000000     0.99922955
     0.00009000     0.00000000    16.00000000     1.00000000     0.99947078
     0.00000300     0.00000000     8.00000000     1.00000000     0.99965184
     0.01000000     0.00000000     4.00000000     1.00000000     0.99978282
     9.00000000     0.00000000     4.00000000     1.00000000     0.99984970
     0.00000900     0.00000000    16.00000000     1.00000000     0.99988768
     0.00007000     0.00000000     8.00000000     1.00000000     0.99991709
     0.00001000     0.00000000     1.00000000     1.00000000     0.99993663
     0.90000000     0.00000000    16.00000000     1.00000000     0.99995408
     0.00090000     0.00000000     8.00000000     1.00000000     0.99997021
     5.00000000     0.00000000     1.00000000    -1.00000000     0.99997742
     0.05000000     0.00000000    16.00000000     1.00000000     0.99998261
     0.00009000     0.00000000    16.00000000    -1.00000000     0.99998751
     0.00090000     0.00000000    16.00000000    -1.00000000     0.99999041
  
 --------------------------------------------------------------
g5_d_ac   20 : eta5, theta5, zeta5, lambda5 %
 --------------------------------------------------------------
     0.90000000     0.00000000    16.00000000     1.00000000     0.88624010
     9.00000000     0.00000000    16.00000000     1.00000000     0.97516154
     0.00900000     0.00000000    16.00000000    -1.00000000     0.98568543
     0.50000000     0.00000000     2.00000000     1.00000000     0.99295337
     5.00000000     0.00000000     4.00000000    -1.00000000     0.99565781
     0.00100000     0.00000000     4.00000000     1.00000000     0.99697447
     0.90000000     0.00000000    16.00000000    -1.00000000     0.99794575
     0.90000000     0.00000000     8.00000000     1.00000000     0.99846063
     0.00000900     0.00000000    16.00000000     1.00000000     0.99887198
     0.00070000     0.00000000     2.00000000    -1.00000000     0.99919832
     0.01000000     0.00000000     8.00000000     1.00000000     0.99937675
     0.00090000     0.00000000    16.00000000     1.00000000     0.99953985
     0.09000000     0.00000000    16.00000000     1.00000000     0.99963865
     0.09000000     0.00000000    16.00000000    -1.00000000     0.99973049
     0.00000900     0.00000000     1.00000000     1.00000000     0.99979676
     0.05000000     0.00000000     1.00000000    -1.00000000     0.99984549
     0.00010000     0.00000000    16.00000000     1.00000000     0.99988300
     9.00000000     0.00000000     8.00000000     1.00000000     0.99990551
     0.00000900     0.00000000     4.00000000     1.00000000     0.99992426
     0.00100000     0.00000000     8.00000000    -1.00000000     0.99993987
  
 --------------------------------------------------------------
g5_d_ad   20 : eta5, theta5, zeta5, lambda5 %
 --------------------------------------------------------------
     0.00090000     0.00000000     8.00000000     1.00000000     0.94208001
     9.00000000     0.00000000    16.00000000     1.00000000     0.98878886
     0.00009000     0.00000000     4.00000000    -1.00000000     0.99496462
     5.00000000     0.00000000     8.00000000     1.00000000     0.99658481
     0.01000000     0.00000000    16.00000000     1.00000000     0.99784331
     0.00001000     0.00000000    16.00000000    -1.00000000     0.99869403
     9.00000000     0.00000000     8.00000000     1.00000000     0.99914287
     0.09000000     0.00000000     8.00000000     1.00000000     0.99937660
     0.90000000     0.00000000     8.00000000     1.00000000     0.99953178
     0.00090000     0.00000000     1.00000000    -1.00000000     0.99964331
     0.00700000     0.00000000     1.00000000     1.00000000     0.99973370
     0.00100000     0.00000000     8.00000000    -1.00000000     0.99980669
     0.00009000     0.00000000    16.00000000    -1.00000000     0.99984866
     0.00009000     0.00000000    16.00000000     1.00000000     0.99988258
     0.00000700     0.00000000     8.00000000     1.00000000     0.99991018
     0.00700000     0.00000000     2.00000000     1.00000000     0.99993388
     0.70000000     0.00000000     1.00000000    -1.00000000     0.99994745
     0.90000000     0.00000000     4.00000000     1.00000000     0.99995818
     0.00900000     0.00000000    16.00000000    -1.00000000     0.99996769
     0.00000900     0.00000000     8.00000000     1.00000000     0.99997453
  
 --------------------------------------------------------------
g5_d_bb   20 : eta5, theta5, zeta5, lambda5 %
 --------------------------------------------------------------
     9.00000000     0.00000000    16.00000000     1.00000000     0.94273513
     0.90000000     0.00000000    16.00000000     1.00000000     0.96424706
     9.00000000     0.00000000     8.00000000    -1.00000000     0.98015450
     0.00070000     0.00000000    16.00000000     1.00000000     0.98562500
     3.00000000     0.00000000     1.00000000     1.00000000     0.99080974
     0.00100000     0.00000000     1.00000000    -1.00000000     0.99400473
     0.00090000     0.00000000    16.00000000     1.00000000     0.99561696
     0.00009000     0.00000000    16.00000000     1.00000000     0.99683348
     0.00900000     0.00000000    16.00000000     1.00000000     0.99789858
     0.00000700     0.00000000     4.00000000     1.00000000     0.99836812
     0.00000100     0.00000000    16.00000000     1.00000000     0.99874292
     0.00003000     0.00000000     1.00000000    -1.00000000     0.99898690
     0.09000000     0.00000000    16.00000000     1.00000000     0.99921538
     0.00000900     0.00000000    16.00000000     1.00000000     0.99938925
     0.90000000     0.00000000     8.00000000     1.00000000     0.99951315
     0.50000000     0.00000000     4.00000000    -1.00000000     0.99960460
     0.00900000     0.00000000    16.00000000    -1.00000000     0.99967353
     0.00009000     0.00000000    16.00000000    -1.00000000     0.99973760
     0.00000900     0.00000000     4.00000000    -1.00000000     0.99978718
     0.00300000     0.00000000     1.00000000    -1.00000000     0.99982831
  
 --------------------------------------------------------------
g5_d_bc   20 : eta5, theta5, zeta5, lambda5 %
 --------------------------------------------------------------
     0.00090000     0.00000000    16.00000000    -1.00000000     0.92404365
     0.09000000     0.00000000     8.00000000     1.00000000     0.94800248
     0.00090000     0.00000000    16.00000000     1.00000000     0.96499249
     5.00000000     0.00000000     8.00000000     1.00000000     0.97937744
     5.00000000     0.00000000     1.00000000     1.00000000     0.98769707
     5.00000000     0.00000000    16.00000000    -1.00000000     0.99284967
     0.00000900     0.00000000    16.00000000    -1.00000000     0.99457566
     0.00009000     0.00000000    16.00000000     1.00000000     0.99591919
     9.00000000     0.00000000     2.00000000     1.00000000     0.99710798
     0.00001000     0.00000000     2.00000000     1.00000000     0.99796427
     1.00000000     0.00000000     2.00000000    -1.00000000     0.99849225
     0.90000000     0.00000000    16.00000000     1.00000000     0.99884497
     0.00900000     0.00000000     8.00000000     1.00000000     0.99911511
     0.00007000     0.00000000     8.00000000    -1.00000000     0.99931264
     0.00000100     0.00000000     2.00000000    -1.00000000     0.99947014
     0.00009000     0.00000000     8.00000000     1.00000000     0.99958732
     9.00000000     0.00000000    16.00000000     1.00000000     0.99968246
     0.09000000     0.00000000    16.00000000    -1.00000000     0.99975458
     0.05000000     0.00000000     1.00000000     1.00000000     0.99981224
     0.01000000     0.00000000     8.00000000    -1.00000000     0.99985034
  
 --------------------------------------------------------------
g5_d_bd   20 : eta5, theta5, zeta5, lambda5 %
 --------------------------------------------------------------
     0.09000000     0.00000000    16.00000000     1.00000000     0.95675476
     9.00000000     0.00000000    16.00000000     1.00000000     0.97773431
     0.90000000     0.00000000    16.00000000    -1.00000000     0.98832319
     0.05000000     0.00000000     2.00000000    -1.00000000     0.99248117
     0.00000500     0.00000000     2.00000000     1.00000000     0.99597153
     0.10000000     0.00000000     2.00000000    -1.00000000     0.99732769
     0.00009000     0.00000000    16.00000000     1.00000000     0.99817352
     0.90000000     0.00000000    16.00000000     1.00000000     0.99872159
     0.00000900     0.00000000    16.00000000     1.00000000     0.99903282
     0.00090000     0.00000000    16.00000000     1.00000000     0.99930918
     0.00700000     0.00000000     4.00000000     1.00000000     0.99949212
     0.03000000     0.00000000     2.00000000     1.00000000     0.99961007
     0.00001000     0.00000000     4.00000000    -1.00000000     0.99969235
     0.09000000     0.00000000     8.00000000     1.00000000     0.99975083
     0.05000000     0.00000000     1.00000000     1.00000000     0.99980390
     0.00005000     0.00000000    16.00000000    -1.00000000     0.99984779
     0.01000000     0.00000000     1.00000000    -1.00000000     0.99988340
     0.90000000     0.00000000     8.00000000     1.00000000     0.99991194
     0.00900000     0.00000000    16.00000000     1.00000000     0.99993104
     0.09000000     0.00000000     8.00000000    -1.00000000     0.99994450
  
 --------------------------------------------------------------
g5_d_cc   20 : eta5, theta5, zeta5, lambda5 %
 --------------------------------------------------------------
     9.00000000     0.00000000    16.00000000    -1.00000000     0.69568957
     9.00000000     0.00000000    16.00000000     1.00000000     0.93774894
     0.00009000     0.00000000    16.00000000     1.00000000     0.97435071
     0.50000000     0.00000000     4.00000000     1.00000000     0.98708749
     0.01000000     0.00000000     1.00000000    -1.00000000     0.99304943
     0.09000000     0.00000000     4.00000000     1.00000000     0.99554749
     0.00090000     0.00000000    16.00000000     1.00000000     0.99705880
     0.09000000     0.00000000    16.00000000     1.00000000     0.99824515
     0.00030000     0.00000000     4.00000000     1.00000000     0.99879283
     0.00000100     0.00000000    16.00000000     1.00000000     0.99905967
     0.10000000     0.00000000     4.00000000     1.00000000     0.99929095
     0.09000000     0.00000000    16.00000000    -1.00000000     0.99945416
     0.00070000     0.00000000     8.00000000     1.00000000     0.99958256
     1.00000000     0.00000000     4.00000000     1.00000000     0.99967853
     0.00000900     0.00000000     8.00000000    -1.00000000     0.99976332
     0.90000000     0.00000000    16.00000000     1.00000000     0.99982291
     0.00900000     0.00000000     8.00000000     1.00000000     0.99987736
     0.05000000     0.00000000     8.00000000     1.00000000     0.99991220
     0.00100000     0.00000000     1.00000000    -1.00000000     0.99993539
     0.00010000     0.00000000    16.00000000     1.00000000     0.99995050
  
 --------------------------------------------------------------
g5_d_cd   20 : eta5, theta5, zeta5, lambda5 %
 --------------------------------------------------------------
     9.00000000     0.00000000    16.00000000     1.00000000     0.93915768
     0.00900000     0.00000000    16.00000000     1.00000000     0.96458862
     0.90000000     0.00000000    16.00000000     1.00000000     0.98066690
     0.70000000     0.00000000     4.00000000    -1.00000000     0.99067935
     0.10000000     0.00000000     1.00000000    -1.00000000     0.99367936
     0.00010000     0.00000000     4.00000000    -1.00000000     0.99603218
     0.90000000     0.00000000     2.00000000     1.00000000     0.99732421
     0.09000000     0.00000000    16.00000000     1.00000000     0.99837835
     0.00009000     0.00000000    16.00000000     1.00000000     0.99902653
     0.07000000     0.00000000     1.00000000    -1.00000000     0.99928208
     0.03000000     0.00000000     4.00000000    -1.00000000     0.99947964
     0.00010000     0.00000000     4.00000000     1.00000000     0.99958575
     0.00000900     0.00000000    16.00000000     1.00000000     0.99968668
     0.00000900     0.00000000     8.00000000    -1.00000000     0.99976571
     0.03000000     0.00000000     2.00000000     1.00000000     0.99982847
     0.00000100     0.00000000    16.00000000    -1.00000000     0.99987024
     0.00100000     0.00000000     8.00000000    -1.00000000     0.99990484
     9.00000000     0.00000000     8.00000000     1.00000000     0.99992823
     0.09000000     0.00000000    16.00000000    -1.00000000     0.99994718
     0.00000500     0.00000000     2.00000000    -1.00000000     0.99996340
  
 --------------------------------------------------------------
g5_d_dd   20 : eta5, theta5, zeta5, lambda5 %
 --------------------------------------------------------------
     0.00900000     0.00000000    16.00000000     1.00000000     0.96514041
     9.00000000     0.00000000    16.00000000     1.00000000     0.98109800
     0.00090000     0.00000000    16.00000000     1.00000000     0.98863666
     0.00700000     0.00000000     1.00000000     1.00000000     0.99437315
     0.00003000     0.00000000     4.00000000    -1.00000000     0.99624754
     0.00000100     0.00000000    16.00000000    -1.00000000     0.99771176
     0.00009000     0.00000000    16.00000000    -1.00000000     0.99840016
     0.00009000     0.00000000    16.00000000     1.00000000     0.99876439
     0.90000000     0.00000000    16.00000000     1.00000000     0.99908585
     9.00000000     0.00000000     8.00000000    -1.00000000     0.99935683
     0.00030000     0.00000000     1.00000000     1.00000000     0.99950175
     0.10000000     0.00000000     8.00000000     1.00000000     0.99962942
     0.90000000     0.00000000    16.00000000    -1.00000000     0.99970758
     0.09000000     0.00000000    16.00000000     1.00000000     0.99978489
     0.00900000     0.00000000     2.00000000     1.00000000     0.99984246
     1.00000000     0.00000000     8.00000000    -1.00000000     0.99988297
     0.00700000     0.00000000     1.00000000    -1.00000000     0.99991510
     0.90000000     0.00000000     8.00000000     1.00000000     0.99993287
     0.09000000     0.00000000    16.00000000    -1.00000000     0.99994557
     0.00900000     0.00000000     4.00000000    -1.00000000     0.99995690
  
